141 8
9885 8765 2935 1995 2105 4770 3110 5290 8535 4065 6320 375 7105 7955 9490 10650 4490 4485 9805 5475 4395 8165 7895 3685 1020 1745 11150 3060 3630 315 12350 5290 170 9000 10065 5595 3390 13395 7300 2880 11630 8530 8370 9945 7105 11740 5145 6685 16345 13335 8125 4860 7030 7510 9330 5900 10810 9735 5765 7105 18545 10995 15840 7325 1740 8245 5225 10285 9740 10865 11395 5995 9875 8350 10060 7085 3105 8280 9505 6550 6230 7340 7820 6670 6070 8015 1645 6520 6705 7705 11955 9250 12960 9235 115 8735 6310 12710 13870 45 1325 9975 280 14305 3460 6785 4595 12380 8240 9130 12990 3780 1975 7505 3970 11775 13605 555 5790 13100 3405 985 2435 3695 4945 5815 5345 9775 7215 9580 12515 7975 5915 3880 7440 6060 6285 5360 9225 10510 6510
0 334 582 559 376 665 707 587 681 655 809 955 791 692 737 807 919 965 1059 1166 1163 1194 1167 1246 1020 1065 1359 1311 1451 855 872 991 983 957 1075 1144 815 907 888 794 900 891 937 886 985 986 1068 1089 1066 989 1124 1175 1166 1248 1343 1328 1378 1259 1170 1133 1336 1265 1285 1419 1319 1232 1041 1004 1106 1157 1125 1165 1005 1043 1066 1123 1014 941 1113 944 856 890 836 600 659 726 616 964 736 665 1220 1161 1181 1179 1175 1386 1369 1355 1360 1427 1341 1250 1343 1115 1009 1291 1368 1464 1410 1288 1693 1598 1747 1593 1853 1505 1650 1734 1516 1844 1968 1887 1852 1092 1242 1184 1193 1091 990 1308 1229 1345 1221 1266 1185 1057 1082 1117 1082 1281 1542
326 0 370 540 459 749 787 671 766 739 893 1035 871 772 817 851 995 1042 1114 1196 1242 1275 1247 1326 1100 1145 1439 1391 1531 935 952 1071 1064 1037 1155 1225 844 930 882 789 930 965 776 854 1014 1015 1098 1118 1095 1018 1153 1205 1193 1237 1352 1295 1312 1193 1096 1059 1375 1157 1195 1304 1090 1124 936 937 1007 1050 985 971 989 1059 1025 1035 761 742 844 651 710 576 583 680 739 775 688 1044 696 556 1300 1241 1261 1259 1255 1466 1449 1435 1440 1507 1422 1330 1423 1195 1089 1372 1448 1544 1490 1368 1762 1678 1691 1639 1933 1585 1488 1518 1442 1870 1754 1807 1715 1253 1372 1327 1295 1171 1152 1388 1309 1506 1383 1428 1347 1219 1244 1279 1243 1442 1622
574 333 0 258 470 525 541 630 621 657 937 742 623 524 569 535 678 725 797 879 926 986 958 1037 812 854 1150 1102 1242 688 706 824 771 790 866 965 527 615 567 473 613 648 514 539 697 699 781 801 779 702 837 888 879 961 1056 1022 1039 920 823 786 1058 887 922 1047 913 854 663 626 734 779 741 750 678 743 720 762 590 519 674 481 434 405 366 429 488 458 371 795 380 242 1009 950 972 971 964 1177 1158 1146 1152 1216 1130 1039 1132 917 810 1083 1159 1253 1211 1077 1485 1389 1418 1366 1645 1296 1300 1330 1169 1636 1566 1540 1505 1055 1092 1048 1015 924 1082 1109 1030 1294 1116 1167 1160 1162 1119 1216 1305 1236 1333
560 523 251 0 374 266 282 370 362 397 678 527 364 265 310 379 491 538 631 731 736 767 739 818 593 638 931 883 1023 428 446 564 556 531 647 718 379 472 436 342 465 463 383 408 549 551 633 653 631 554 689 740 731 813 908 891 908 789 692 655 908 756 792 916 782 723 532 495 603 648 610 619 547 608 589 631 461 388 559 390 303 349 283 170 229 296 200 536 232 111 793 733 753 752 747 958 942 927 933 999 914 822 915 688 581 864 940 1037 982 860 1266 1170 1288 1165 1426 1077 1169 1199 1038 1417 1435 1409 1374 796 864 820 788 664 822 881 802 1066 888 939 901 903 860 957 1046 1008 1114
320 400 473 379 0 360 424 282 377 350 756 760 614 514 560 629 741 788 881 989 986 1017 989 1068 843 887 1181 1133 1273 677 671 813 789 779 897 967 637 729 710 616 722 713 759 708 807 808 891 911 888 811 946 997 988 1070 1166 1150 1200 1081 992 955 1158 1087 1108 1241 1141 1054 864 826 928 979 947 987 827 865 888 945 837 764 935 766 679 725 658 422 481 548 438 786 559 487 1043 983 1003 1001 997 1208 1192 1177 1183 1249 1164 1072 1165 937 831 1114 1190 1286 1232 1110 1516 1420 1569 1415 1676 1327 1473 1556 1338 1667 1790 1709 1675 1024 1114 1051 1037 836 1015 1131 1052 1316 1138 1189 1129 1082 1088 1142 1106 1258 1364
661 751 536 277 362 0 113 143 136 180 556 470 312 217 253 333 437 486 587 690 679 711 684 790 550 587 872 824 964 387 390 522 500 475 595 658 482 566 602 543 518 419 666 627 599 575 629 672 660 624 724 776 758 852 940 930 1009 883 829 815 856 961 969 1127 1060 987 787 728 792 887 872 907 699 684 747 804 743 671 842 662 578 624 557 263 277 339 358 490 486 405 733 673 693 692 688 898 882 867 873 940 854 763 856 633 524 811 907 992 926 821 1206 1111 1259 1105 1366 1017 1320 1414 1180 1357 1481 1400 1478 735 804 760 728 578 761 821 742 1007 829 880 840 842 799 895 985 949 1078
709 792 548 289 431 102 0 167 132 176 506 432 274 187 224 303 401 450 551 649 637 670 642 749 508 546 830 782 922 345 348 481 462 433 553 616 485 540 576 551 492 383 678 622 574 539 593 636 634 599 694 745 732 826 900 904 983 857 803 789 814 936 943 1102 1041 963 778 702 767 861 877 918 673 658 721 778 754 683 854 674 590 635 569 259 251 313 369 449 495 416 691 632 652 650 646 857 840 826 831 898 812 721 814 592 482 769 865 950 884 779 1165 1069 1218 1064 1324 976 1292 1388 1138 1315 1439 1359 1437 693 762 718 686 528 719 779 700 965 787 838 798 800 757 854 943 907 1036
585 676 634 375 287 141 161 0 118 162 608 527 369 274 310 390 494 543 644 747 736 768 741 847 607 644 929 881 1020 444 447 579 557 531 652 715 572 627 663 638 579 476 765 709 660 632 686 729 721 685 785 837 819 913 999 991 1070 944 890 876 913 1022 1030 1189 1128 1049 865 789 853 948 964 1005 760 745 808 865 841 769 941 761 676 722 656 345 338 400 455 547 581 503 790 730 750 749 745 955 939 924 930 996 911 820 913 690 581 868 964 1049 983 878 1263 1168 1316 1162 1423 1074 1381 1475 1237 1414 1538 1457 1535 792 861 817 785 630 818 878 799 1064 886 937 897 899 856 952 1042 1006 1135
676 767 622 362 378 133 125 113 0 43 495 443 297 215 280 359 425 474 574 672 660 693 666 772 531 569 853 805 945 368 358 504 473 456 577 639 559 614 650 625 551 406 752 696 601 563 616 659 692 657 717 768 783 854 924 941 1024 897 862 857 838 1010 1017 1166 1115 1036 852 776 841 935 951 992 747 723 786 852 828 757 928 748 664 709 643 332 325 387 442 472 568 490 715 655 675 674 669 880 864 849 855 921 836 744 837 615 505 793 889 974 908 803 1188 1092 1241 1087 1348 999 1316 1462 1162 1339 1463 1382 1460 705 786 733 710 517 731 803 724 989 810 861 810 812 769 866 955 931 1060
657 748 665 406 359 177 169 157 42 0 479 426 293 259 324 403 418 518 570 667 655 688 661 767 526 564 848 800 940 363 341 496 456 449 572 632 584 635 671 622 584 450 789 706 645 591 644 687 725 690 761 763 819 849 919 936 1020 892 895 884 833 1031 1038 1161 1136 1057 873 797 862 956 960 1010 768 753 816 873 872 800 972 792 707 753 687 376 369 431 486 467 612 534 710 650 670 669 664 875 859 844 850 916 831 739 832 610 500 788 884 969 903 798 1183 1087 1236 1082 1343 994 1311 1460 1157 1334 1458 1377 1455 689 781 716 705 501 715 798 719 984 805 856 794 796 753 849 939 926 1055
808 899 943 684 762 545 500 603 494 470 0 619 528 527 592 580 600 650 695 792 780 813 786 892 651 689 973 925 1065 444 393 557 649 510 644 693 709 760 796 746 708 585 914 831 780 715 769 812 850 815 893 888 944 973 1043 1061 1144 1017 1019 1009 958 1155 1163 1286 1261 1182 998 922 986 1081 1085 1135 893 878 941 998 1031 969 1120 961 863 975 964 650 641 676 765 592 771 812 835 775 795 793 789 1000 984 969 975 1041 956 864 957 682 574 913 1008 1020 974 923 1308 1212 1361 1207 1468 1119 1436 1585 1281 1459 1582 1502 1580 384 534 476 485 378 282 669 612 730 513 574 477 371 374 508 513 672 1179
952 1036 744 529 762 459 425 522 441 418 613 0 196 318 282 232 63 164 262 369 396 458 430 537 293 309 618 570 710 218 390 493 38 302 296 388 358 417 460 437 342 181 605 507 341 253 307 350 436 434 431 482 497 576 646 664 758 619 579 574 602 752 734 898 858 779 632 571 618 703 751 801 529 480 541 577 722 660 810 652 554 666 652 452 386 332 439 478 508 576 470 411 440 438 425 645 619 614 619 677 591 500 593 446 338 557 653 729 738 558 953 857 1006 852 1112 764 1066 1197 912 1103 1227 1147 1225 650 662 618 586 565 722 679 600 865 687 738 758 803 717 814 903 807 824
794 878 630 371 607 301 267 364 297 285 522 195 0 160 132 175 182 254 354 458 488 542 515 621 380 416 702 654 794 214 316 449 226 297 423 480 401 457 493 476 385 190 644 540 384 343 396 439 479 477 501 552 566 646 716 733 827 689 647 642 687 820 803 967 926 847 689 614 678 772 795 845 572 523 585 645 760 699 848 691 593 662 595 294 283 276 382 417 455 499 561 502 524 523 516 729 710 698 704 768 682 591 684 449 340 642 738 817 740 649 1037 941 1090 936 1197 848 1135 1266 981 1188 1312 1231 1304 631 644 600 567 530 688 661 582 846 668 719 740 769 699 795 885 788 909
698 781 534 275 511 206 181 269 215 250 521 316 153 0 120 199 285 335 435 539 569 613 585 692 451 489 773 725 865 289 295 425 348 377 496 560 408 460 495 475 391 267 643 542 462 423 477 520 532 497 578 629 630 724 794 802 881 755 701 697 757 855 857 1021 961 882 697 622 686 781 797 847 592 563 626 697 740 669 840 660 576 622 555 189 179 241 312 392 453 403 634 575 595 593 589 800 783 769 774 841 755 664 757 529 420 712 808 893 820 722 1107 1012 1161 1007 1267 919 1192 1307 1059 1258 1382 1302 1379 638 705 661 629 506 664 722 643 908 730 781 743 745 702 798 888 850 979
734 818 570 311 547 242 217 305 280 315 586 281 125 110 0 93 224 273 373 477 507 561 534 640 399 435 722 674 813 297 360 490 312 379 445 537 302 354 390 369 285 206 537 436 366 343 415 449 426 391 491 542 524 618 706 697 775 649 596 591 706 749 751 915 855 776 592 516 580 675 691 741 486 457 520 591 654 592 742 584 486 554 488 226 215 168 275 456 347 412 580 521 543 542 535 748 729 717 723 787 702 610 703 493 384 661 757 839 786 668 1056 960 1109 955 1216 867 1086 1201 965 1207 1331 1250 1294 650 663 619 587 571 729 680 601 866 687 738 759 809 718 814 904 808 928
814 862 546 390 626 322 297 385 359 394 577 230 168 189 91 0 172 221 321 426 455 510 482 589 348 383 670 622 762 292 351 483 262 359 393 485 255 303 339 323 232 154 491 385 313 290 363 396 373 338 438 489 472 566 653 644 723 596 543 538 654 699 699 863 804 726 541 465 530 624 640 690 436 405 467 541 606 546 694 537 440 520 454 305 188 135 241 483 313 378 529 469 492 490 483 697 678 666 671 735 650 558 651 442 332 609 705 788 734 617 1004 909 1058 903 1164 816 1033 1151 912 1155 1279 1198 1242 599 611 567 535 564 700 628 549 814 636 687 707 771 666 763 852 756 876
920 1001 684 496 732 426 395 489 424 410 587 61 175 275 221 162 0 110 210 314 344 411 421 527 284 299 609 561 701 210 361 485 93 292 287 379 303 362 405 382 286 125 550 451 286 198 252 295 381 378 376 428 442 522 592 609 704 565 524 519 591 697 680 844 803 724 577 516 563 649 696 746 474 424 486 523 667 605 755 596 499 611 592 419 326 273 380 469 452 517 461 401 430 429 416 636 610 604 610 667 582 490 584 438 330 548 644 720 730 549 943 848 996 842 1103 754 1011 1143 857 1094 1218 1137 1180 609 622 578 546 557 711 639 560 824 646 697 718 781 677 773 863 766 815
969 1050 733 546 782 475 444 539 473 509 637 158 247 324 270 212 106 0 116 220 249 317 372 479 235 267 560 512 652 312 410 543 185 247 242 334 291 308 352 362 233 135 505 398 203 104 158 201 296 293 282 333 348 428 498 515 609 470 430 425 497 603 586 750 709 630 483 431 469 555 602 652 389 339 392 428 587 541 673 552 496 620 622 469 375 322 429 420 462 566 412 353 382 380 367 587 561 556 561 619 533 442 535 486 390 492 569 656 762 479 894 799 948 794 1054 706 917 1049 763 1045 1169 1089 1086 658 671 627 595 624 760 688 609 874 696 747 767 831 726 823 912 816 743
1069 1129 812 646 882 576 544 639 573 609 715 253 347 425 370 312 206 108 0 149 189 256 335 462 186 290 536 495 635 411 488 599 281 270 265 357 344 336 402 415 270 235 549 415 192 117 123 166 284 281 270 321 336 415 485 502 597 458 417 413 437 591 573 737 697 618 471 419 457 542 590 640 377 327 380 416 575 529 660 605 549 677 679 569 455 402 507 444 520 638 435 376 365 363 390 570 585 539 545 638 557 465 558 509 440 476 552 679 785 503 878 782 931 777 1038 689 905 1036 751 1029 1152 1072 1073 730 742 698 666 692 831 759 680 945 767 818 839 902 798 894 984 887 726
1168 1200 883 735 980 680 648 743 678 697 786 362 451 529 474 416 310 212 143 0 130 197 277 453 176 373 478 486 589 516 560 692 390 400 395 487 415 367 433 486 334 339 579 445 222 186 153 129 299 311 225 237 292 352 422 439 551 395 407 402 378 580 562 692 686 607 460 425 446 532 579 629 402 334 369 405 605 559 690 640 596 737 751 643 526 473 579 514 591 709 437 459 348 346 473 561 602 522 534 628 640 548 641 637 530 459 543 763 868 586 868 773 911 725 1028 680 842 991 688 1019 1137 1043 1010 800 813 769 737 774 902 830 751 1016 838 889 909 973 868 965 1054 958 717
1203 1245 928 780 1015 709 672 772 702 686 774 387 481 558 504 446 340 242 180 128 0 116 196 371 164 361 397 405 508 544 548 681 415 404 399 491 460 382 448 530 364 369 567 454 252 257 180 136 268 326 148 154 210 270 340 357 468 313 324 320 297 498 480 610 603 525 378 344 364 449 497 547 321 253 288 323 540 548 608 619 585 720 765 689 571 518 624 503 636 754 365 430 267 265 462 479 521 440 453 547 580 521 630 625 519 377 462 751 857 574 787 692 828 643 947 598 760 909 605 938 1055 961 928 789 801 757 725 762 890 818 739 1004 826 877 897 961 856 953 1042 946 635
1242 1310 994 821 1055 748 711 811 740 724 813 454 548 626 571 513 407 309 247 195 113 0 194 400 231 404 363 428 466 585 587 719 482 456 451 543 525 436 502 585 430 436 621 508 318 325 263 220 322 380 219 129 229 208 278 295 407 252 279 333 228 472 424 549 600 519 432 398 384 454 517 567 375 307 342 344 594 602 662 673 639 774 819 754 637 583 689 541 701 819 395 461 297 295 504 508 551 471 483 576 610 552 672 664 557 408 490 793 899 617 816 720 767 581 976 627 698 848 544 967 994 899 866 827 840 796 764 800 929 857 778 1042 864 915 936 999 895 991 1081 984 664
1214 1298 987 793 1027 720 683 784 713 697 785 445 526 604 550 491 440 388 327 275 193 190 0 373 251 376 361 406 472 558 559 692 472 429 424 515 618 528 594 668 522 507 714 601 410 404 356 313 414 473 312 278 354 354 424 441 553 398 425 467 294 618 570 695 746 665 525 491 510 596 643 693 468 399 434 470 687 694 755 766 731 867 895 748 651 598 699 514 693 820 368 433 270 268 477 481 524 443 455 548 583 524 645 636 530 371 463 766 872 589 788 693 842 658 948 600 844 994 690 939 1063 983 1012 800 812 768 736 773 901 829 750 1015 837 888 909 972 868 964 1054 957 637
1053 1137 826 632 866 559 522 623 552 536 624 284 365 443 389 331 279 227 218 261 249 311 284 0 123 215 476 428 568 397 398 531 312 268 263 355 465 479 526 507 407 346 675 556 334 278 265 299 426 423 395 390 447 476 546 563 647 520 546 555 460 733 691 789 838 760 613 560 599 684 732 782 518 469 521 558 717 671 802 721 624 736 735 588 490 437 538 353 532 659 361 302 298 296 316 503 510 471 477 568 482 391 484 475 369 408 485 605 711 428 810 715 863 709 970 621 938 1088 784 961 1085 1004 1082 639 651 607 575 612 740 668 589 854 676 727 748 811 707 803 893 796 658
1074 1158 847 653 887 580 543 643 573 557 645 301 386 464 410 351 296 239 178 173 161 227 240 319 0 232 432 384 524 418 419 552 328 285 279 371 476 438 504 528 405 366 650 516 293 257 224 212 381 382 307 306 362 392 462 479 590 436 462 472 395 650 607 732 756 677 530 496 516 601 649 699 473 405 440 475 676 630 761 711 644 757 755 608 511 458 559 373 553 680 310 318 254 252 333 459 508 428 434 527 499 407 501 496 390 365 441 622 728 445 767 671 820 666 927 578 882 1031 728 918 1041 961 1039 660 672 628 596 633 761 689 610 875 697 748 768 832 727 824 913 817 615
1107 1191 878 686 920 613 576 676 606 590 678 300 417 495 440 382 295 281 297 423 411 445 418 496 268 0 610 562 702 403 449 560 328 231 130 253 519 536 580 559 461 387 727 626 431 332 386 429 524 521 510 524 576 610 680 697 781 653 658 653 594 831 814 923 937 858 711 659 697 783 830 880 617 567 620 656 815 769 901 773 675 788 786 639 542 488 590 404 583 711 203 177 178 252 191 480 395 361 416 453 367 276 369 433 401 407 569 490 596 313 944 849 997 843 1078 727 1072 1222 918 1095 1219 1138 1216 690 703 659 627 653 792 720 641 906 728 779 799 863 758 855 944 848 743
1406 1460 1172 983 1170 913 876 976 905 889 978 637 719 797 742 684 633 580 528 476 394 357 357 320 446 559 0 146 129 731 747 865 665 597 608 707 769 672 734 813 656 684 846 744 542 573 543 507 540 614 455 369 458 338 240 298 320 381 496 549 212 542 452 436 571 581 645 632 601 603 704 734 598 539 572 561 820 826 843 901 872 1008 1051 930 843 789 880 692 879 990 567 633 469 411 669 528 603 616 502 596 662 709 796 829 722 419 510 959 1064 782 561 464 601 364 725 527 562 725 408 712 836 752 731 992 1005 961 929 965 1094 1022 943 1208 1029 1080 1101 1165 1060 1156 1246 1150 684
1354 1408 1120 931 1118 861 824 924 853 837 926 585 667 745 690 632 581 528 520 507 425 422 422 268 407 507 140 0 257 679 694 813 613 545 556 655 766 761 822 800 687 632 936 833 615 578 565 540 630 704 537 454 547 436 339 397 386 480 586 638 298 607 536 501 637 646 735 722 691 687 788 818 687 628 661 651 910 916 908 991 921 1033 1033 878 791 737 828 640 827 938 512 578 414 351 617 476 551 556 442 544 610 649 744 777 670 359 458 906 1012 730 552 456 605 451 711 475 679 829 525 702 826 746 824 940 953 909 877 913 1042 970 891 1156 977 1028 1049 1112 1008 1104 1194 1098 632
1488 1528 1242 1065 1252 995 957 1058 987 971 1059 719 800 878 824 766 714 662 639 587 505 458 468 402 541 641 128 247 0 813 828 947 747 679 690 789 781 684 745 825 668 702 852 755 554 585 555 541 552 626 467 390 469 348 252 305 268 389 504 528 323 495 420 368 527 537 645 644 593 574 674 704 610 551 584 553 822 832 799 903 883 1011 1057 1000 892 839 934 774 951 1049 649 714 551 522 751 610 685 710 584 677 744 805 878 910 804 523 592 1040 1146 863 468 371 508 271 632 523 469 632 315 619 743 659 638 1074 1086 1042 1010 1047 1175 1103 1024 1289 1111 1162 1183 1246 1142 1238 1328 1231 730
870 953 707 448 683 376 339 439 368 352 438 217 195 279 295 282 207 304 396 512 540 571 544 622 397 393 736 688 827 0 202 314 248 170 304 354 471 522 558 509 471 306 677 593 488 401 454 497 584 577 579 630 645 724 794 811 906 767 726 722 720 900 882 1046 1005 926 760 684 749 843 847 897 655 627 688 725 793 732 882 723 625 738 712 415 405 393 499 354 533 576 548 501 523 556 515 762 741 707 737 798 713 621 714 337 232 668 745 676 631 657 1070 974 1123 969 1230 881 1198 1345 1044 1221 1345 1264 1342 538 555 510 478 406 564 572 492 757 579 630 643 645 602 699 788 699 918
873 956 711 452 677 379 342 442 356 332 387 389 297 285 359 338 363 410 448 558 546 577 549 628 403 439 741 693 833 183 0 241 421 216 350 400 477 528 564 514 476 353 682 599 548 483 537 580 618 583 661 656 712 741 811 829 912 785 787 777 726 923 931 1054 1029 950 766 690 755 849 853 903 661 646 709 766 799 737 888 729 631 743 732 418 409 444 533 360 539 580 594 543 563 561 557 768 752 737 743 809 724 632 725 360 278 674 750 678 613 670 1076 980 1129 975 1236 887 1204 1353 1049 1227 1350 1270 1348 406 533 433 417 273 432 618 539 762 543 607 511 513 470 566 656 704 924
1005 1089 843 583 818 511 474 574 503 488 551 492 429 415 488 468 481 540 578 688 675 707 679 758 532 551 871 823 963 294 236 0 523 328 462 511 607 658 694 644 606 483 812 729 678 613 667 710 748 712 791 786 842 871 941 958 1042 915 917 906 855 1053 1060 1184 1159 1080 896 820 884 979 982 1033 790 776 838 895 929 867 1017 858 761 873 864 550 541 574 665 490 669 711 706 658 681 691 673 898 881 865 872 939 853 762 855 458 353 804 880 817 752 800 1205 1110 1259 1105 1365 1017 1333 1483 1179 1356 1480 1400 1478 600 671 625 595 468 626 688 609 874 695 746 705 707 664 760 850 816 1054
982 1066 774 559 792 489 455 552 471 448 643 28 213 338 309 252 89 178 266 386 412 473 445 524 295 323 637 589 729 248 415 504 0 321 315 407 388 447 490 467 372 211 635 537 371 274 328 371 466 464 452 504 518 598 668 685 780 640 600 595 621 773 756 920 879 800 653 601 639 725 772 822 559 510 562 598 752 690 840 682 584 696 682 482 416 362 469 497 538 606 489 430 459 457 444 664 638 633 638 696 610 519 612 471 366 570 646 733 764 557 972 876 1025 871 1131 783 1087 1219 933 1122 1246 1166 1244 680 692 648 616 595 753 709 630 895 717 768 789 833 747 844 933 837 820
958 1041 795 536 770 464 427 527 456 440 504 293 277 367 378 337 288 239 256 397 392 427 399 478 249 222 591 543 683 170 211 309 321 0 133 182 476 495 538 514 420 353 682 585 390 291 344 387 483 480 469 506 535 591 661 678 762 635 616 612 575 790 772 904 895 817 670 618 656 741 789 839 575 526 579 615 774 728 859 728 630 743 741 503 493 443 545 359 538 664 377 329 352 411 344 618 569 536 590 627 541 450 543 238 169 523 600 565 570 488 925 830 979 825 1085 737 1053 1203 899 1076 1200 1120 1197 498 511 467 435 420 578 528 449 713 535 586 607 659 566 662 752 655 774
1092 1175 922 670 904 598 561 661 590 574 638 288 410 501 484 426 283 234 250 391 387 421 394 472 244 121 586 538 678 304 345 443 315 109 0 159 472 490 533 543 414 357 687 579 384 286 339 382 477 475 464 500 530 586 656 673 757 630 611 607 570 784 767 899 890 811 665 612 651 736 783 834 570 521 573 610 769 723 854 733 677 804 806 637 581 528 634 448 627 754 276 228 250 325 242 553 468 434 488 525 440 349 442 355 303 480 595 552 652 386 920 825 973 819 1080 731 1048 1198 894 1071 1195 1114 1192 632 645 601 568 554 712 662 583 847 669 720 741 793 700 796 886 789 768
1141 1224 978 719 953 647 610 710 639 623 687 380 460 550 561 511 375 326 342 483 479 513 486 564 336 243 678 630 769 354 394 492 407 158 151 0 564 582 625 635 506 449 779 671 476 377 431 474 569 567 556 592 621 678 748 765 849 721 703 699 662 876 859 990 982 903 757 704 742 828 875 925 662 613 665 702 860 814 946 825 769 896 898 686 671 618 719 533 713 840 352 201 365 439 206 631 546 516 582 604 518 420 520 243 342 594 687 408 508 382 1012 916 1065 911 1172 823 1140 1289 986 1163 1287 1206 1284 671 684 640 608 596 753 701 622 887 708 759 780 834 739 835 925 829 860
812 844 528 380 625 471 479 567 558 594 697 357 394 397 299 244 299 283 329 411 457 521 598 676 449 487 770 742 784 450 465 584 385 453 464 563 0 119 151 141 139 211 303 197 255 232 314 338 292 214 380 431 412 506 595 583 589 471 410 364 597 511 518 677 617 538 354 278 342 437 452 502 248 254 304 353 418 359 506 350 257 372 374 329 253 182 223 603 220 338 642 583 612 610 597 817 791 785 791 849 764 672 765 556 450 722 799 886 851 710 1066 1025 995 898 1284 936 880 964 746 1243 1200 1116 1082 718 731 687 655 684 820 748 669 934 756 807 827 891 786 883 972 876 973
903 936 619 471 716 555 534 622 614 649 748 415 450 450 352 292 358 301 322 363 379 431 524 674 421 505 673 739 688 501 517 636 444 471 482 581 118 0 91 167 87 269 268 138 195 218 266 275 186 108 290 335 306 401 499 477 484 365 304 279 500 426 433 592 531 452 268 192 257 351 373 423 163 149 208 268 342 296 428 315 259 412 451 431 309 238 329 654 305 423 660 600 603 601 615 814 809 777 789 866 781 690 783 608 501 714 796 904 902 727 980 940 910 802 1210 933 794 878 660 1157 1114 1031 996 770 783 738 706 736 871 800 720 985 807 858 879 942 838 934 1024 927 970
891 892 576 445 704 591 570 658 649 685 784 459 486 485 387 328 401 344 387 429 445 498 590 738 488 548 738 803 753 537 552 671 488 514 525 624 151 90 0 118 153 313 213 82 261 284 332 341 251 181 357 400 371 465 564 525 531 413 329 278 566 424 432 590 511 432 233 165 255 347 320 370 163 210 218 267 289 243 375 259 203 357 396 450 345 274 338 690 262 379 703 644 669 667 658 878 852 843 853 910 825 733 826 643 537 780 860 947 938 771 979 938 908 856 1251 997 793 877 659 1156 1113 1030 995 806 818 774 742 771 907 835 756 1021 843 894 914 978 873 970 1059 963 1034
801 802 486 355 613 532 545 633 625 648 736 436 469 465 367 312 378 354 400 482 528 581 638 716 491 533 822 782 837 490 505 624 464 514 535 634 141 166 113 0 207 290 203 112 326 302 385 409 338 264 445 483 455 549 647 608 614 496 412 360 649 501 514 673 559 481 281 232 338 395 367 418 246 293 301 349 319 258 407 249 182 323 325 396 321 250 247 642 171 289 688 629 651 650 643 856 838 825 831 895 810 718 811 596 490 762 839 932 890 756 1062 1021 991 939 1324 975 876 960 742 1239 1196 1112 1078 758 771 727 695 724 860 788 709 974 795 846 867 930 826 922 1012 916 1012
917 949 632 484 730 507 486 574 550 586 696 340 377 380 283 221 283 225 255 330 362 426 518 619 389 430 668 685 683 449 465 584 369 396 407 506 139 86 148 198 0 194 329 199 163 152 234 242 181 133 284 329 301 395 493 473 520 402 340 330 495 492 492 658 597 518 334 258 323 417 440 490 229 185 248 325 409 363 495 376 320 473 485 402 285 228 328 593 331 449 585 525 554 553 539 759 734 728 734 791 706 614 707 556 449 665 742 829 850 652 1029 943 958 796 1205 878 831 944 709 1191 1172 1080 1045 718 730 686 654 684 819 747 668 933 755 806 827 890 786 882 972 875 915
902 974 657 478 714 408 377 471 406 442 572 179 182 257 202 144 121 127 220 335 366 432 474 552 327 369 665 617 714 306 341 460 208 338 349 448 210 268 308 281 173 0 458 359 193 161 240 268 289 286 310 361 376 455 525 542 636 498 456 452 527 630 612 776 735 657 499 424 487 581 611 661 382 332 395 455 574 513 663 504 406 519 521 401 308 255 353 478 361 479 524 465 487 486 479 692 673 661 667 731 645 554 647 432 325 598 674 768 726 592 1000 904 1014 828 1160 811 945 1075 791 1151 1240 1146 1113 594 607 563 531 560 696 624 545 809 631 682 703 766 662 758 848 751 848
949 787 524 394 762 654 670 758 750 785 904 604 637 633 535 480 546 498 544 576 566 619 712 861 635 701 860 927 865 658 673 792 632 668 679 778 303 267 208 194 318 448 0 167 409 446 479 488 397 328 504 521 493 553 660 609 615 497 413 361 687 460 499 647 466 440 242 230 307 354 300 313 294 352 331 336 192 144 286 138 117 235 274 564 489 418 415 810 275 327 856 797 790 789 811 1002 1005 964 976 1063 978 886 979 764 657 901 984 1100 1058 924 1062 1022 992 940 1334 1121 846 876 742 1229 1113 1113 1074 926 939 895 863 892 1028 956 877 1142 963 1014 1035 1098 994 1090 1180 1084 1158
885 858 546 416 698 616 616 704 696 731 821 505 532 531 433 374 447 390 408 441 452 504 597 746 499 594 745 812 760 574 590 708 534 560 571 670 197 136 77 104 187 350 155 0 273 327 344 353 261 192 368 406 378 472 570 531 537 419 335 283 572 394 431 581 453 374 174 134 239 289 260 310 169 216 224 268 219 173 308 216 160 314 353 478 391 320 332 727 255 349 750 690 676 674 704 887 899 849 861 954 871 779 872 681 574 786 869 994 975 817 985 944 914 862 1256 1006 799 863 665 1162 1099 1035 1001 843 855 811 779 808 944 872 793 1058 880 931 952 1015 911 1007 1097 1000 1043
1008 1040 723 575 821 588 567 656 600 636 767 339 377 452 364 302 282 195 185 218 249 313 406 536 276 400 562 602 577 488 535 654 368 365 376 475 254 194 257 317 145 184 395 271 0 103 121 130 142 139 172 223 238 318 388 405 498 360 319 314 389 492 474 638 598 519 352 277 341 435 464 514 235 185 248 317 433 387 518 468 424 565 590 484 366 313 419 563 431 549 555 495 472 470 509 677 704 645 651 744 676 584 677 626 520 582 659 799 904 622 932 838 876 690 1099 795 807 937 653 1086 1103 1008 976 788 801 757 725 754 890 818 739 1004 826 877 897 961 856 953 1042 946 833
985 1017 700 552 797 564 533 627 562 598 725 247 336 413 341 279 195 97 102 182 254 320 400 490 241 301 575 556 590 401 494 601 274 267 278 377 231 217 279 294 130 152 434 325 81 0 86 129 196 193 186 237 251 331 401 418 513 374 333 329 402 506 489 653 612 533 387 331 372 458 505 555 289 239 295 332 487 441 572 493 437 565 567 461 343 290 396 464 408 526 456 396 426 424 411 631 605 599 605 662 577 485 579 530 461 536 613 700 806 523 938 843 889 704 1098 750 820 952 666 1089 1116 1022 989 747 760 716 684 712 849 777 698 963 785 836 856 920 815 912 1001 905 787
1067 1099 782 634 879 618 586 681 616 651 779 300 389 467 412 354 248 150 117 149 177 259 352 468 207 354 545 533 560 454 548 654 328 320 331 430 314 264 327 376 217 231 466 342 101 83 0 42 194 210 155 206 221 300 370 387 482 343 302 298 372 476 458 622 582 503 356 321 342 427 475 525 298 230 265 301 504 458 585 539 495 636 650 543 425 372 478 517 490 608 501 450 403 401 464 608 657 577 582 675 630 539 632 583 514 514 590 753 859 577 914 820 859 673 1075 727 790 921 636 1066 1086 991 958 801 813 769 737 766 902 830 751 1016 838 889 910 973 869 965 1055 958 764
1091 1123 806 658 904 661 630 724 659 694 822 343 432 510 447 385 291 193 160 127 134 216 308 457 195 397 512 522 549 497 591 698 371 363 374 473 338 273 336 400 231 259 475 351 110 127 40 0 184 219 145 196 211 290 360 377 472 333 292 288 362 466 448 612 571 492 346 311 332 417 465 515 288 219 254 291 507 467 575 548 504 645 673 567 450 396 502 550 514 632 473 493 384 383 507 597 638 558 570 665 674 582 675 626 557 495 579 797 902 620 904 809 848 663 1064 716 780 911 626 1056 1075 981 948 836 849 805 773 809 938 866 787 1052 874 925 945 1009 904 1001 1090 994 753
1068 1100 784 636 881 649 628 716 692 728 838 435 472 522 424 362 377 288 277 296 265 318 410 560 364 493 559 625 574 584 606 725 463 459 470 569 292 185 246 330 169 279 384 260 122 194 192 179 0 130 176 221 193 287 385 365 411 293 231 227 387 405 387 551 510 432 285 220 271 356 404 454 178 121 182 230 422 376 491 457 413 554 593 544 427 373 479 656 480 597 587 588 489 487 602 700 743 663 675 768 769 677 770 697 591 600 682 892 992 715 921 835 851 688 1096 819 722 850 601 1083 1064 972 937 859 872 828 796 825 961 889 810 1075 897 948 968 1032 927 1024 1113 1017 856
992 1025 708 560 805 613 592 680 656 692 802 432 469 487 389 327 374 286 275 307 323 376 468 618 366 490 618 684 632 555 571 690 461 456 467 566 213 106 176 255 121 277 315 191 119 191 209 214 126 0 235 279 251 345 443 423 451 333 271 261 445 435 422 591 541 462 278 202 266 361 384 434 165 116 178 256 353 307 438 388 344 485 524 497 375 304 403 653 402 520 645 586 547 546 600 759 794 721 733 826 766 675 768 662 555 658 741 889 956 712 959 893 889 746 1154 877 762 887 639 1137 1103 1010 976 824 837 792 760 790 925 853 774 1039 861 912 933 996 892 988 1078 981 914
1133 1165 848 700 946 714 688 781 717 753 883 425 493 568 489 427 373 275 263 223 146 215 308 457 290 479 467 523 481 579 652 771 452 445 456 555 380 289 352 436 273 301 490 367 152 183 153 140 157 231 0 128 162 222 292 309 421 265 269 265 294 442 425 562 548 469 322 288 308 394 441 491 266 197 232 268 485 482 553 563 520 661 700 609 491 438 544 627 556 674 483 548 385 383 589 598 639 559 571 665 698 639 757 708 636 496 580 878 984 701 836 742 780 595 1003 717 712 861 558 990 1007 913 880 905 918 874 841 871 1007 935 856 1120 942 993 1014 1077 973 1069 1159 1062 754
1184 1216 900 752 997 765 739 832 768 799 888 476 544 619 540 478 424 326 315 234 151 123 274 443 289 469 374 460 405 630 656 775 504 496 507 606 431 333 395 474 318 352 508 405 203 235 204 191 202 276 116 0 122 145 215 233 344 188 214 269 205 409 361 486 536 455 330 296 316 390 449 499 273 205 240 275 492 500 560 571 537 672 717 660 543 489 595 616 607 725 470 535 372 370 579 583 626 546 558 651 685 626 747 738 632 483 565 868 974 692 760 665 704 518 927 702 635 785 481 913 931 836 804 902 915 871 838 875 1003 932 853 1117 939 990 1011 1074 970 1066 1156 1059 739
1166 1196 882 734 979 747 726 814 783 818 936 491 559 620 522 461 439 341 329 290 207 223 349 499 345 526 460 550 471 645 704 823 518 511 522 621 412 305 367 446 289 367 479 377 218 249 219 206 173 247 150 110 0 149 256 227 338 150 174 229 287 373 325 478 498 416 302 268 279 351 412 463 245 176 211 240 464 471 532 543 508 644 689 642 525 471 577 672 589 698 527 592 428 427 635 639 682 602 614 707 741 683 803 774 688 539 621 925 1030 748 826 732 770 585 993 758 649 777 528 980 991 899 864 958 970 926 894 923 1059 987 908 1173 995 1046 1066 1130 1025 1122 1211 1115 795
1260 1252 976 828 1073 841 820 908 862 885 973 570 638 713 616 555 518 420 409 350 267 202 350 497 375 555 348 446 357 724 742 861 598 590 601 700 506 399 461 540 383 446 539 471 297 329 298 285 267 341 210 134 146 0 141 115 229 104 190 244 176 290 242 371 438 356 350 356 295 332 426 478 339 270 287 256 520 531 586 599 587 700 749 736 619 565 671 701 683 786 556 621 457 456 665 669 712 631 643 736 771 712 832 824 718 568 651 954 1060 777 712 618 656 471 879 753 542 670 420 866 883 788 756 988 1000 956 924 961 1089 1017 938 1203 1025 1076 1096 1160 1055 1152 1241 1145 824
1348 1359 1064 916 1161 929 903 996 932 955 1043 640 708 783 704 642 588 490 479 420 337 272 420 446 445 625 241 340 256 794 812 931 668 660 671 770 595 498 559 639 482 516 646 569 367 399 368 355 366 440 280 204 253 131 0 102 168 175 297 342 213 362 259 309 423 428 457 460 402 414 503 554 437 369 394 362 627 638 691 706 694 807 856 824 707 653 759 771 771 889 626 691 527 526 735 653 729 701 628 721 788 782 902 894 788 567 636 1024 1130 847 611 517 555 369 778 652 480 608 332 764 782 687 655 1058 1070 1026 994 1031 1159 1087 1008 1273 1095 1146 1166 1230 1125 1222 1311 1215 809
1338 1308 1039 906 1151 919 898 986 949 972 1060 657 726 792 694 633 605 507 496 437 354 289 437 506 463 642 311 410 316 811 829 948 685 677 688 787 583 476 520 599 461 533 595 529 384 416 385 372 345 419 297 221 225 104 95 0 161 111 241 278 234 297 205 303 416 363 406 411 345 350 439 489 402 348 343 305 576 587 626 655 643 756 805 814 697 644 749 788 748 842 643 708 545 543 752 714 789 718 688 781 848 799 920 911 805 628 696 1041 1147 864 671 577 601 430 838 713 473 602 352 825 815 722 688 1075 1087 1043 1011 1048 1176 1104 1025 1290 1112 1163 1183 1247 1142 1239 1328 1232 870
1375 1314 1046 915 1188 998 977 1065 1041 1040 1129 752 819 871 773 711 700 602 591 540 457 392 540 471 565 710 314 379 271 882 897 1016 780 748 759 858 589 482 526 605 508 627 602 536 478 511 480 467 406 447 400 323 331 211 159 152 0 191 245 282 333 256 182 167 280 288 412 418 350 344 433 483 408 363 349 310 582 594 569 661 649 762 811 884 762 691 791 857 754 849 718 783 620 618 820 679 754 779 653 746 813 874 947 980 873 593 661 1109 1215 933 521 481 451 358 766 657 338 466 201 699 665 572 538 1143 1156 1112 1079 1116 1244 1173 1094 1358 1180 1231 1252 1315 1211 1307 1397 1300 835
1257 1196 927 797 1070 872 851 939 905 928 1017 613 681 745 647 585 561 463 452 393 310 246 394 545 419 598 384 483 390 767 785 904 641 633 644 743 471 364 408 487 390 489 483 418 340 372 341 328 288 329 253 177 143 94 168 98 188 0 130 169 224 229 181 332 377 295 294 300 236 248 342 402 290 245 231 196 464 475 521 543 531 644 693 766 644 573 673 745 636 730 599 665 501 499 708 712 755 675 687 780 814 756 876 868 761 612 694 997 1103 821 701 651 631 504 912 787 503 631 381 879 845 752 718 1031 1044 1000 968 1004 1133 1061 982 1247 1068 1119 1140 1203 1099 1195 1285 1189 868
1184 1112 843 712 997 818 797 885 861 897 1007 572 640 691 593 532 520 422 411 404 322 272 420 599 446 625 502 592 496 726 776 894 600 592 603 702 410 303 324 403 329 447 399 334 298 331 300 287 226 267 257 202 168 175 289 227 243 127 0 95 329 256 214 386 364 283 210 216 146 218 279 329 206 184 152 107 380 391 437 459 446 560 609 704 583 512 611 772 551 646 626 691 528 526 735 739 782 702 713 806 841 782 903 855 760 638 721 1024 1130 847 751 710 680 598 1006 858 556 685 431 928 894 801 767 1029 1041 997 965 994 1130 1058 979 1244 1066 1117 1138 1201 1097 1193 1283 1186 895
1133 1061 792 661 946 804 783 871 857 892 996 568 635 687 589 527 516 418 406 400 317 327 462 612 456 622 551 631 530 722 765 884 595 588 599 698 364 277 273 352 319 443 348 282 294 326 296 283 222 257 253 257 222 229 335 264 280 165 79 0 384 179 182 341 287 206 158 164 95 140 228 278 155 174 104 55 329 340 386 408 395 508 557 680 558 487 575 785 500 595 640 705 541 540 732 752 795 715 727 820 854 796 900 851 750 652 735 1021 1127 844 727 687 657 605 999 871 542 627 407 905 864 778 743 1018 1031 987 955 984 1120 1048 969 1234 1056 1107 1127 1191 1086 1183 1272 1176 908
1350 1382 1065 917 1162 892 855 955 885 869 957 617 698 776 706 644 588 490 428 376 294 221 290 356 378 539 219 305 330 711 726 845 644 577 588 687 596 499 561 640 483 517 673 571 369 400 370 357 367 441 282 200 285 165 206 221 339 220 324 382 0 410 362 484 558 476 490 462 435 463 551 602 439 370 405 395 658 665 725 737 703 838 883 826 708 655 761 686 773 891 540 605 442 440 649 563 639 615 538 631 698 696 817 808 702 477 546 938 1044 761 711 614 691 506 875 682 623 783 469 862 918 824 791 972 984 940 908 945 1073 1001 922 1187 1009 1060 1080 1144 1039 1136 1225 1129 719
1268 1159 893 762 1081 950 929 1018 1009 1045 1143 746 813 845 747 688 693 595 584 578 495 465 613 699 633 800 541 607 497 897 912 1031 773 766 777 876 511 424 419 492 480 620 446 391 472 504 474 460 400 431 431 397 366 280 354 284 255 225 240 177 403 0 123 216 161 100 273 310 221 153 231 281 303 352 281 226 427 438 418 506 494 607 656 826 705 634 720 963 601 696 817 883 719 717 909 907 973 893 881 974 1032 974 1077 1003 896 820 889 1199 1297 1022 694 654 624 572 966 871 451 502 374 854 738 745 690 1165 1178 1134 1102 1131 1267 1195 1116 1381 1202 1253 1274 1337 1233 1329 1419 1322 1063
1287 1199 930 799 1100 958 937 1025 1016 1052 1151 728 795 847 749 688 676 578 567 560 477 417 565 622 591 770 455 530 425 882 919 1038 756 748 759 858 518 432 427 506 480 603 486 428 454 487 456 443 382 419 413 349 318 232 258 194 179 177 198 180 355 121 0 220 256 219 297 318 230 207 296 346 309 335 266 219 467 478 483 546 533 647 695 834 712 641 729 917 638 733 771 836 673 671 880 830 905 847 804 897 964 927 1048 1010 904 743 812 1169 1275 992 622 582 552 499 894 799 436 506 302 799 742 673 638 1172 1185 1141 1109 1138 1274 1202 1123 1388 1210 1261 1281 1345 1240 1337 1426 1330 986
1445 1330 1077 946 1258 1116 1095 1183 1175 1182 1270 892 959 1011 913 852 840 742 731 682 599 533 682 613 707 852 455 521 396 1024 1039 1158 920 890 901 1000 677 590 585 664 646 767 631 575 618 651 620 607 546 587 542 465 472 353 300 294 165 329 380 339 468 203 208 0 239 247 455 477 388 366 415 443 467 504 443 388 602 623 528 677 678 778 837 992 870 799 888 999 786 880 860 925 762 760 962 821 896 921 795 888 955 1016 1089 1121 1015 734 803 1251 1357 1074 590 549 519 471 861 771 286 342 270 694 578 606 530 1285 1297 1253 1221 1258 1386 1314 1235 1500 1322 1373 1394 1457 1353 1449 1539 1442 976
1328 1096 924 793 1141 1053 1036 1124 1116 1151 1250 852 920 951 853 794 800 702 691 684 602 595 743 724 740 906 567 632 531 1003 1018 1137 880 872 883 982 617 531 507 552 586 727 457 450 578 611 580 567 506 538 537 526 492 428 412 405 276 374 349 285 551 149 241 207 0 95 340 400 327 245 243 209 409 458 388 332 368 424 294 443 537 544 603 926 811 740 780 1070 660 726 924 989 826 824 1016 932 1007 999 906 999 1066 1080 1184 1109 1003 846 914 1305 1404 1129 726 686 656 606 998 905 400 431 406 783 667 720 628 1272 1284 1240 1208 1237 1373 1301 1222 1487 1309 1360 1380 1444 1339 1436 1525 1429 1088
1248 1139 872 742 1061 976 956 1044 1036 1071 1170 773 840 872 774 715 720 622 611 605 522 513 661 738 660 827 580 646 544 923 939 1058 800 793 804 903 538 451 427 472 507 647 426 370 499 531 501 487 427 458 458 443 410 346 420 350 289 291 267 204 469 98 203 221 88 0 260 320 248 166 209 236 329 379 308 253 407 418 370 486 473 587 636 847 731 660 700 990 581 675 844 910 746 744 936 945 1000 920 920 1013 1059 1001 1104 1030 923 857 927 1226 1324 1049 740 699 669 619 1011 919 475 505 420 857 741 790 702 1192 1205 1161 1128 1158 1293 1222 1143 1407 1229 1280 1301 1364 1260 1356 1446 1349 1101
1049 942 673 542 861 776 772 860 852 887 986 626 682 687 589 530 574 476 464 458 375 428 520 670 514 680 663 735 662 739 754 873 653 646 657 756 353 267 228 272 322 490 229 171 332 384 354 341 280 274 311 318 299 335 449 393 410 291 194 156 483 271 293 427 333 246 0 103 104 164 153 203 145 221 139 133 209 221 278 288 276 389 438 647 547 476 501 843 381 476 697 763 599 598 790 810 853 773 785 878 912 854 958 846 739 710 792 1079 1140 902 860 819 789 737 1131 929 674 742 540 1037 978 910 876 1008 1020 976 944 973 1109 1037 958 1223 1045 1096 1117 1180 1075 1172 1262 1165 966
1005 939 632 502 817 717 696 784 776 811 910 570 607 611 513 454 512 423 412 423 341 394 486 636 480 627 635 702 649 663 679 797 598 593 604 703 277 191 160 223 246 414 216 130 256 329 319 305 215 198 277 284 265 341 453 398 415 297 200 162 454 308 315 448 393 306 97 0 141 222 213 263 70 146 106 153 219 208 287 289 245 387 426 593 471 400 452 791 341 435 663 723 565 564 737 776 819 739 751 844 878 812 905 770 663 676 758 1027 1064 850 865 825 795 743 1137 895 680 763 545 1043 1000 916 882 932 944 900 868 897 1033 961 882 1147 969 1020 1041 1104 1000 1096 1186 1089 932
1110 1007 738 607 923 782 760 849 840 876 974 612 671 676 578 519 560 462 450 444 361 378 506 656 500 666 607 697 599 728 743 862 639 632 643 742 342 255 250 329 311 478 294 236 320 370 340 327 266 262 297 304 273 280 394 332 347 233 130 93 427 219 226 360 320 233 87 139 0 123 167 217 134 209 127 67 274 286 325 353 341 454 503 657 536 465 553 829 446 541 683 749 585 583 776 796 839 759 771 864 898 840 944 834 728 696 778 1065 1128 888 796 755 725 673 1068 915 610 675 476 973 911 847 812 996 1009 965 933 962 1098 1026 947 1212 1033 1084 1105 1169 1064 1160 1250 1154 952
1163 1054 787 656 976 876 855 943 935 970 1069 697 764 771 673 613 645 547 536 529 446 447 592 741 585 751 617 692 588 822 838 957 725 717 728 827 437 350 342 387 406 572 341 285 415 456 425 412 351 357 382 378 345 317 407 337 341 245 202 138 455 152 204 337 238 151 147 213 120 0 128 190 228 296 222 152 322 333 344 401 388 501 550 752 630 559 615 914 496 590 769 834 670 669 861 882 925 844 856 949 984 925 1029 929 822 781 864 1150 1223 974 786 745 715 663 1057 963 600 652 466 963 888 836 802 1091 1103 1059 1027 1057 1192 1120 1041 1306 1128 1179 1200 1263 1159 1255 1345 1248 1038
1133 993 752 621 946 861 871 959 951 986 1075 745 787 786 688 629 692 594 583 577 494 510 639 789 632 799 706 781 677 828 843 962 772 765 776 875 452 372 315 359 428 601 286 256 444 503 473 459 399 380 430 437 406 411 496 425 430 339 263 225 544 230 293 389 236 195 147 204 165 124 0 93 267 343 270 199 261 276 257 340 337 441 494 733 646 575 586 962 462 555 816 882 718 716 908 929 972 892 904 997 1031 973 1076 934 828 829 911 1198 1229 1021 874 834 804 752 1146 1048 622 652 554 1004 888 925 849 1097 1109 1065 1033 1062 1198 1126 1047 1312 1134 1185 1205 1269 1164 1261 1350 1254 1085
1183 987 771 640 996 901 917 1005 997 1032 1125 795 837 837 739 679 743 645 633 627 544 561 689 839 683 849 756 831 727 878 893 1012 822 815 826 925 502 422 365 409 479 652 302 306 494 553 523 510 449 430 480 487 456 463 546 476 480 399 313 276 595 279 342 417 203 222 197 254 215 186 91 0 317 393 320 250 259 292 192 334 385 435 494 784 696 625 636 1012 512 574 866 932 768 767 959 979 1022 942 954 1047 1081 1023 1127 985 878 879 961 1248 1279 1071 925 884 854 802 1196 1098 601 631 605 983 867 920 828 1147 1159 1115 1083 1112 1248 1176 1097 1362 1184 1235 1255 1319 1214 1311 1400 1304 1135
1018 1003 696 565 831 688 667 755 746 782 880 528 565 582 484 425 470 381 370 400 318 371 463 613 457 585 612 679 626 634 649 768 556 551 562 661 248 161 158 237 217 372 280 167 214 287 296 283 173 161 254 261 242 324 430 389 406 287 190 153 432 301 306 439 402 315 128 68 128 224 260 301 0 104 83 144 273 272 341 352 309 450 490 563 442 371 459 749 389 499 641 681 542 541 695 753 797 716 728 821 855 770 863 740 634 653 736 984 1035 808 856 816 786 734 1128 872 671 754 536 1034 990 907 873 902 915 871 839 868 1004 932 853 1118 940 991 1011 1075 970 1067 1156 1060 909
1040 1061 749 608 853 673 652 740 723 759 866 478 515 553 455 393 420 332 321 332 250 302 395 545 388 536 543 610 558 619 635 754 507 502 513 612 254 147 205 285 173 323 339 215 165 237 228 214 116 112 186 193 174 255 361 335 361 242 178 172 363 350 332 475 451 364 204 144 203 292 336 377 90 0 98 170 349 331 417 412 368 509 548 549 427 356 456 699 437 552 572 632 474 472 646 685 728 648 660 753 787 721 814 726 619 585 667 935 1020 758 872 819 802 672 1080 804 674 800 552 1049 1015 923 888 888 901 856 824 854 989 917 838 1103 925 976 997 1060 956 1052 1142 1045 841
1073 1034 734 603 886 736 715 803 785 821 928 535 578 616 518 456 482 384 373 367 285 338 430 580 423 589 578 645 593 682 697 816 562 554 565 664 304 207 213 292 236 385 318 223 228 293 263 249 177 174 221 228 209 272 386 329 346 228 136 102 398 279 262 415 381 294 122 103 121 218 263 303 69 96 0 99 302 310 370 381 347 482 527 611 490 419 515 752 442 536 607 673 509 507 698 720 763 683 695 788 822 764 866 788 682 620 702 988 1083 811 803 762 732 680 1075 839 617 730 483 980 946 854 819 950 963 919 887 916 1052 980 901 1166 988 1039 1059 1123 1018 1115 1204 1108 876
1122 1036 767 636 935 793 772 860 851 887 985 571 638 687 589 530 519 421 410 403 320 338 465 615 459 625 568 658 559 725 754 873 598 591 602 701 353 266 262 341 314 446 323 265 297 330 299 286 225 252 256 263 234 240 355 292 308 193 91 53 388 224 216 359 325 238 116 151 60 148 193 233 130 168 89 0 303 315 358 383 370 483 532 668 547 476 564 788 475 570 643 708 544 543 735 755 799 718 730 823 857 799 903 845 739 655 738 1024 1130 847 756 716 686 634 1028 874 571 674 436 934 900 807 773 1007 1020 976 944 973 1109 1037 958 1223 1045 1096 1116 1180 1075 1172 1261 1165 911
1029 768 598 474 842 734 751 839 830 866 1021 720 753 733 651 595 663 580 568 601 537 590 682 832 659 784 831 898 832 774 790 909 749 750 761 860 417 340 284 310 398 565 179 216 413 485 503 502 417 349 473 481 461 505 620 563 580 461 364 326 651 425 463 575 361 391 204 210 274 318 253 242 259 346 292 303 0 104 134 115 229 216 275 649 605 534 532 927 396 408 860 879 761 760 894 973 1016 935 947 1040 1060 968 1062 881 774 872 955 1183 1175 1006 1030 989 959 907 1302 1091 759 789 710 1142 1025 1079 987 1043 1056 1012 979 1009 1144 1073 994 1258 1080 1131 1152 1215 1111 1207 1297 1200 1128
958 754 533 402 770 663 679 767 759 794 959 659 692 661 590 535 601 533 522 555 545 597 690 840 613 738 838 905 844 713 728 847 687 704 715 814 358 294 238 249 352 503 133 170 367 439 457 462 371 303 471 488 468 516 631 574 591 472 375 338 658 436 475 596 417 403 215 206 286 329 269 272 258 328 300 314 93 0 204 104 157 201 241 577 544 473 468 865 325 336 867 833 769 767 848 980 1023 943 955 1048 1014 922 1015 819 712 880 962 1137 1113 960 1041 1001 971 918 1313 1099 815 846 721 1198 1082 1092 1043 981 994 950 918 947 1083 1011 932 1197 1018 1069 1090 1153 1049 1145 1235 1139 1136
1129 856 685 574 942 834 850 938 930 966 1109 809 841 833 740 683 751 665 653 686 605 658 750 900 744 869 861 926 825 863 878 997 837 835 846 945 506 426 369 398 483 653 275 304 498 570 583 570 486 434 541 549 529 571 683 613 570 518 421 383 718 416 479 501 287 359 272 278 323 340 255 169 327 414 360 357 127 191 0 203 328 304 363 748 694 623 620 1015 492 507 928 964 829 828 979 1041 1084 1003 1015 1108 1143 1054 1147 969 863 940 1023 1268 1263 1091 1020 980 950 900 1292 1159 685 715 700 1067 951 1005 912 1131 1144 1100 1068 1097 1233 1161 1082 1347 1168 1219 1240 1304 1199 1295 1385 1289 1196
949 652 481 394 762 654 670 759 750 786 951 650 683 653 581 526 592 544 590 636 616 669 762 911 694 748 910 977 912 704 719 838 679 714 725 824 350 313 254 240 364 495 126 213 448 491 538 543 452 384 552 560 540 584 699 642 659 540 443 406 730 504 542 651 437 471 283 287 353 397 332 318 338 409 372 382 108 92 191 0 149 100 159 569 535 464 460 857 316 310 903 843 840 839 858 1052 1052 1014 1026 1109 1024 932 1026 810 704 951 1034 1147 1105 970 1109 1068 1038 986 1381 1170 835 865 789 1217 1101 1154 1062 973 985 941 909 938 1074 1002 923 1188 1010 1061 1081 1145 1040 1137 1226 1130 1208
860 714 436 305 673 565 581 670 661 697 853 552 586 564 483 428 495 488 534 592 582 635 727 833 608 650 875 898 890 606 622 741 581 631 662 761 257 257 198 173 308 397 106 157 404 435 494 499 408 340 508 525 506 572 686 629 646 528 430 393 695 492 530 652 530 459 270 243 341 384 330 368 295 366 337 370 222 149 320 151 0 211 213 480 437 366 364 759 219 239 805 746 768 766 760 973 954 942 948 1012 926 835 928 713 606 879 955 1049 1007 872 1096 1056 1026 974 1368 1092 911 947 776 1274 1183 1147 1113 875 888 843 811 841 976 904 825 1090 912 963 984 1047 943 1039 1129 1032 1129
893 579 408 353 721 613 629 717 709 744 958 658 654 612 552 509 600 606 656 733 717 770 859 937 712 755 1011 1003 1012 711 726 845 687 735 766 865 369 411 352 312 460 503 223 310 545 557 635 640 549 481 649 660 641 685 799 743 760 641 544 506 831 605 643 752 537 571 384 384 454 497 433 419 437 507 472 483 208 189 292 99 207 0 98 527 496 434 418 864 321 248 910 850 873 871 864 1078 1059 1046 1052 1116 1031 939 1032 817 711 983 1060 1154 1112 977 1210 1169 1139 1087 1481 1197 935 966 890 1318 1202 1255 1163 979 992 948 916 945 1081 1009 930 1195 1017 1068 1088 1152 1047 1144 1233 1137 1234
841 586 370 286 654 546 563 651 642 678 958 650 588 545 486 443 587 608 658 740 762 815 861 939 714 757 1053 1005 1061 709 727 845 679 737 768 867 371 450 391 314 462 505 262 349 557 559 642 661 588 520 688 705 686 734 848 791 808 690 592 555 876 654 692 811 597 621 432 423 503 546 486 478 476 546 517 532 268 229 351 158 209 95 0 461 430 367 352 831 282 182 912 852 875 873 866 1080 1061 1048 1054 1118 1033 941 1034 819 713 985 1062 1156 1114 979 1258 1218 1188 1136 1530 1199 995 1025 938 1377 1261 1309 1222 981 994 950 918 945 1083 1011 932 1197 1019 1070 1090 1154 1049 1146 1235 1139 1236
606 689 440 180 419 252 252 341 332 368 644 450 287 179 224 294 414 461 554 640 686 734 706 785 560 604 898 850 990 395 413 531 479 498 614 685 328 430 445 387 381 386 552 477 458 459 542 562 539 491 597 648 639 721 816 801 881 763 699 677 818 824 830 964 919 832 641 591 651 748 727 767 548 547 602 668 636 563 734 565 478 524 457 0 123 192 205 517 362 308 760 700 720 718 714 925 909 894 900 966 881 789 882 654 548 831 907 1003 949 827 1233 1137 1286 1127 1393 1044 1195 1279 1061 1384 1507 1427 1397 763 831 787 754 631 789 848 769 1033 855 906 868 870 827 923 1013 975 1081
655 738 489 229 468 266 245 333 324 360 635 384 276 169 214 177 321 368 440 522 569 633 625 704 478 521 817 769 896 386 404 522 413 488 533 632 253 308 340 312 264 293 477 390 340 342 424 445 422 369 480 531 522 604 699 684 760 641 577 556 701 703 708 842 804 717 530 469 529 626 639 680 427 425 480 546 595 532 682 534 434 493 426 112 0 71 132 507 290 354 676 616 639 637 631 844 825 813 818 882 797 706 799 584 477 750 826 920 878 743 1152 1056 1189 1010 1311 963 1073 1157 939 1302 1393 1310 1275 746 758 714 682 622 780 775 696 961 783 834 855 861 813 910 999 903 1000
722 776 459 297 535 328 307 395 386 422 670 331 269 231 166 124 267 314 387 469 515 579 572 650 425 467 764 716 843 393 439 558 360 448 479 578 182 237 269 241 210 240 406 319 287 288 371 391 368 298 426 478 469 550 646 630 689 570 506 485 648 632 637 771 733 646 459 398 459 555 568 609 356 354 409 475 524 461 611 463 363 430 364 182 70 0 131 570 227 291 623 563 585 584 577 790 772 759 765 829 744 652 745 530 424 696 773 866 824 690 1098 1003 1118 956 1258 909 1002 1086 868 1249 1322 1239 1204 692 705 661 629 658 794 722 643 908 729 781 801 865 760 856 946 850 946
613 692 375 204 426 345 358 446 437 473 754 438 375 302 273 230 374 421 493 575 621 685 673 751 526 569 865 817 948 499 523 642 466 549 580 679 223 328 337 242 308 343 407 334 393 394 477 497 474 397 532 583 574 656 752 736 788 669 605 573 754 720 726 859 776 689 499 453 547 615 583 623 444 453 506 563 525 454 613 456 364 415 349 194 132 130 0 629 212 276 724 664 687 685 678 892 873 860 866 930 845 753 846 631 525 797 874 968 926 791 1199 1104 1206 1062 1359 1011 1091 1174 956 1350 1410 1327 1293 793 806 762 730 742 895 823 744 1009 831 882 902 966 861 958 1047 951 1048
774 806 489 341 586 402 381 469 461 496 602 363 301 297 199 143 299 300 346 428 474 530 503 581 356 399 695 647 787 355 370 489 392 379 410 509 116 166 198 175 138 236 340 248 246 247 330 350 310 227 385 436 427 509 605 589 618 499 435 414 606 561 566 700 662 575 388 327 387 484 497 538 284 283 338 404 458 394 545 397 296 408 394 267 155 84 173 0 254 322 554 494 517 515 509 722 703 691 696 760 675 583 676 461 355 627 704 798 756 621 1029 934 1047 915 1189 841 931 1015 797 1180 1251 1168 1133 624 636 592 560 589 725 653 574 839 661 712 732 796 691 788 877 781 878
748 706 389 241 560 475 488 577 568 604 752 504 447 443 345 302 446 452 502 584 630 681 654 732 507 550 846 798 938 506 521 640 533 530 561 660 217 301 257 163 308 349 263 251 402 403 486 506 472 393 541 592 583 665 761 734 751 633 535 498 762 599 635 759 653 566 376 338 446 492 455 496 374 435 432 475 384 311 480 314 215 321 278 351 289 226 200 644 0 206 705 645 668 666 659 873 854 841 847 911 826 734 827 612 506 778 855 949 907 772 1180 1085 1131 1071 1340 991 1016 1070 881 1331 1306 1252 1218 774 787 743 711 740 876 804 725 990 812 863 883 947 842 939 1028 932 1029
689 580 264 134 501 394 410 498 490 525 806 575 492 393 410 367 511 558 620 702 748 812 791 870 644 687 983 935 1075 556 574 692 603 659 699 798 334 418 370 276 425 467 317 341 520 521 604 624 588 510 659 710 691 767 878 825 842 723 626 588 880 690 725 850 716 657 466 429 537 582 544 553 481 546 523 565 395 322 493 309 237 245 179 298 353 291 265 664 197 0 842 782 805 803 797 1010 991 979 984 1048 963 871 965 749 643 916 992 1086 1044 909 1292 1222 1221 1169 1477 1129 1102 1133 972 1468 1369 1343 1308 912 924 880 848 792 950 941 862 1127 949 1000 1020 1031 979 1076 1165 1069 1166
1242 1326 1013 821 1055 759 718 816 741 733 819 481 559 640 578 527 472 423 447 441 369 399 372 464 314 207 567 516 659 552 587 710 500 381 280 356 654 671 715 693 596 532 861 761 566 467 511 477 591 650 487 474 530 560 630 647 738 603 630 643 544 821 775 880 927 848 701 667 687 773 820 870 645 576 611 647 864 871 932 908 810 923 921 774 677 623 725 539 718 845 0 159 113 183 191 371 304 213 291 396 365 207 413 471 553 305 471 527 622 350 902 806 955 801 954 603 1030 1179 876 1045 1169 1089 1174 825 838 794 762 801 927 855 771 1041 862 914 934 998 893 989 1079 983 642
1167 1250 938 746 980 684 642 741 666 658 744 406 484 565 503 452 397 348 372 470 440 471 443 558 343 187 639 588 731 511 512 644 425 339 238 211 579 596 640 618 521 457 786 686 491 392 445 489 584 581 559 546 602 631 701 718 810 675 701 713 615 891 846 952 997 918 771 719 757 842 890 940 677 627 680 716 875 829 960 833 735 847 846 699 602 548 650 464 643 770 157 0 185 254 89 473 406 315 393 461 400 226 396 328 482 407 573 457 551 286 973 878 1027 872 1056 705 1101 1251 947 1124 1248 1167 1245 750 763 719 687 726 852 780 701 966 787 838 859 922 818 914 1004 908 744
1211 1295 984 790 1024 728 687 785 710 703 788 450 531 611 550 498 441 392 385 359 277 308 280 395 281 188 476 425 568 534 556 689 470 363 261 376 623 614 680 665 565 504 800 686 492 436 423 395 500 558 396 383 439 468 538 555 647 512 538 552 452 730 683 789 836 757 610 576 596 681 729 779 553 485 520 555 772 780 840 851 782 894 893 746 648 595 696 511 690 817 109 174 0 92 253 350 295 206 265 387 366 266 486 493 529 247 429 596 691 419 810 715 864 709 912 561 938 1088 784 961 1085 1004 1082 797 809 765 733 770 898 826 747 1012 834 885 906 969 865 961 1051 954 600
1205 1289 978 784 1018 722 681 779 704 697 782 444 525 605 544 492 435 386 379 353 271 302 274 389 275 258 417 357 529 549 550 683 463 420 331 446 617 608 674 659 559 498 794 680 486 430 417 389 494 552 390 377 433 462 532 549 641 506 532 546 446 724 677 783 830 751 604 570 590 675 723 773 547 479 514 549 766 774 834 845 775 888 886 739 642 589 690 505 684 811 179 244 81 0 323 341 331 254 256 414 404 336 532 563 523 175 406 666 761 489 804 709 858 703 872 521 932 1082 778 955 1079 998 1076 791 803 759 727 764 892 820 741 1006 828 879 900 963 858 955 1044 948 577
1179 1263 950 758 992 696 655 753 678 670 756 418 496 577 515 464 409 360 384 497 485 521 494 598 356 199 682 634 773 523 524 657 438 352 250 214 591 608 652 631 533 470 798 698 503 404 458 501 596 593 582 596 648 682 752 769 853 725 730 725 666 903 885 995 1009 930 783 731 769 855 902 952 689 639 692 728 887 841 973 845 747 860 858 711 614 560 662 476 655 783 190 79 243 317 0 448 357 348 426 425 343 232 338 279 458 440 606 384 479 213 1016 921 1069 915 1089 738 1144 1293 990 1167 1291 1210 1288 762 775 731 699 720 864 724 628 978 800 851 871 935 830 927 1016 920 777
1401 1485 1174 980 1214 918 876 975 900 892 978 640 720 801 739 688 631 582 575 556 474 503 476 347 470 505 539 481 631 745 746 879 659 616 574 638 812 809 873 855 755 694 995 882 681 626 613 592 695 753 592 578 634 663 668 733 710 707 734 747 566 925 861 852 965 952 805 771 791 877 924 974 748 680 715 750 967 975 1036 1046 971 1084 1082 935 838 784 886 700 879 1007 369 461 344 338 439 0 173 232 171 142 273 345 401 726 719 288 363 667 761 489 834 744 895 761 856 504 1002 1151 848 947 1071 990 1114 986 999 955 923 960 1088 1007 911 1202 1024 1075 1095 1159 1054 1151 1240 1144 534
1391 1474 1161 970 1203 908 866 965 889 882 967 630 708 788 727 675 620 572 595 604 523 553 526 416 526 414 609 550 701 734 735 868 649 585 483 547 802 820 863 842 744 681 1010 909 714 616 668 640 745 803 641 628 684 713 737 801 780 757 784 797 635 975 929 922 1035 1002 855 821 841 927 974 1024 798 730 765 800 1017 1025 1086 1056 958 1071 1069 922 825 772 873 688 867 994 302 394 289 326 348 165 0 141 218 122 179 254 307 636 706 357 432 576 671 399 904 814 965 830 925 574 1071 1221 917 1016 1140 1060 1184 974 981 942 910 949 1075 916 820 1189 1011 1062 1082 1146 1041 1138 1227 1131 603
1378 1461 1151 957 1191 895 853 952 877 869 955 617 697 778 716 665 608 559 551 525 444 474 447 446 447 365 619 560 730 710 723 855 636 539 438 520 789 780 846 831 731 670 966 853 658 603 589 561 666 725 562 549 605 635 705 722 810 678 705 718 619 896 850 951 1002 923 776 742 762 848 895 945 720 651 686 721 939 946 1007 1018 948 1060 1059 912 815 761 863 677 856 983 211 304 200 249 340 224 139 0 168 232 209 234 336 628 695 290 438 574 669 397 918 828 979 845 940 588 1101 1250 947 1031 1155 1074 1198 963 976 932 900 936 1065 915 818 1179 1000 1051 1072 1135 1031 1127 1217 1121 609
1399 1483 1172 978 1212 916 875 973 898 891 976 638 719 800 738 686 629 580 573 550 468 499 471 345 469 431 515 455 627 743 744 877 658 605 504 598 811 805 871 853 753 692 990 877 680 624 611 586 691 749 586 574 630 659 666 732 709 703 729 743 564 921 860 851 964 948 801 767 787 872 920 970 744 676 711 746 963 971 1031 1042 970 1082 1081 934 836 783 884 699 878 1005 289 382 259 252 418 164 216 164 0 246 290 328 418 706 717 186 309 664 759 487 814 724 875 741 822 484 1000 1150 846 927 1050 970 1094 985 997 953 921 958 1086 1005 909 1200 1022 1073 1094 1157 1053 1149 1239 1142 480
1458 1541 1229 1037 1271 975 933 1032 957 949 1035 697 775 856 794 742 688 639 662 647 566 595 567 438 562 481 631 572 723 801 803 935 716 652 551 614 869 887 930 909 812 748 1077 973 773 683 704 683 787 845 684 669 726 755 759 825 802 799 825 839 658 1017 953 944 1057 1044 897 863 883 968 1016 1066 840 772 807 842 1059 1067 1127 1124 1026 1138 1137 990 892 839 940 755 934 1061 394 449 381 409 415 135 121 226 242 0 151 293 377 703 773 374 415 637 732 460 924 835 985 851 929 595 1093 1243 939 1037 1161 1080 1204 1041 1042 1010 977 1016 1142 978 881 1256 1078 1129 1150 1213 1109 1205 1295 1198 586
1376 1460 1147 955 1189 893 852 950 875 867 953 615 693 774 712 661 606 557 581 676 595 625 598 489 553 400 681 623 773 720 721 854 634 570 469 532 788 805 849 827 730 666 995 895 700 601 655 698 793 790 713 700 757 786 810 873 852 830 856 870 708 1047 1001 994 1107 1074 928 894 914 999 1046 1097 871 802 837 873 1084 1038 1158 1042 944 1057 1055 908 811 757 859 673 852 979 364 389 360 398 333 265 178 203 287 140 0 260 292 621 691 430 505 561 656 384 976 886 1037 903 998 646 1144 1293 989 1089 1213 1132 1256 959 967 928 896 935 1061 902 806 1175 996 1048 1068 1132 1027 1123 1213 1117 676
1272 1355 1043 851 1085 789 747 846 771 763 849 511 589 670 608 557 502 453 477 590 522 552 525 539 449 296 709 649 812 616 617 749 530 466 365 420 683 701 744 723 626 562 891 791 596 497 550 594 689 686 640 627 683 712 782 800 891 756 783 796 697 974 928 1033 1080 1001 854 820 840 926 973 1023 782 729 764 799 980 934 1065 938 840 952 951 804 706 653 755 569 748 875 206 215 255 329 224 337 252 231 312 281 245 0 250 512 587 380 539 411 506 234 1008 918 1069 935 1029 678 1182 1332 1028 1121 1244 1164 1288 855 816 824 792 831 957 751 655 1071 892 943 964 1027 923 1019 1109 1012 710
1372 1455 1142 951 1184 889 847 945 870 863 948 611 688 769 708 656 601 553 576 689 678 714 686 616 549 395 809 750 901 715 716 849 630 566 464 528 783 801 844 823 725 662 991 890 695 597 650 693 788 786 775 788 840 874 938 961 980 918 922 918 836 1095 1078 1122 1201 1122 976 923 961 1047 1094 1144 881 832 884 921 1080 1033 1165 1037 939 1052 1050 903 806 753 854 669 848 975 426 385 475 526 329 393 305 330 415 366 276 241 0 617 687 557 633 551 646 374 1104 1014 1165 1031 1125 774 1271 1421 1117 1217 1340 1260 1384 955 956 923 891 930 1056 891 795 1170 992 1043 1063 1127 1022 1119 1208 1112 804
1130 1213 931 708 943 636 599 699 628 612 676 445 429 519 493 435 434 491 515 645 638 671 643 750 509 438 831 783 923 343 361 464 476 244 360 249 574 625 661 612 574 451 780 696 634 535 589 632 715 680 713 745 779 831 901 918 1002 875 861 856 815 1021 1017 1144 1126 1048 863 787 852 946 950 1000 758 743 806 859 896 835 985 826 728 841 839 663 595 541 643 457 636 764 469 318 482 556 277 720 635 624 690 693 607 511 609 0 202 705 840 438 473 426 1165 1070 1219 1064 1325 977 1293 1443 1139 1316 1440 1359 1437 582 595 551 518 474 632 590 494 797 619 670 691 713 650 746 836 739 1014
1022 1105 821 600 834 528 491 591 520 504 568 336 320 410 384 325 326 405 442 540 528 561 533 640 399 403 721 673 813 234 280 355 368 171 305 344 464 516 551 502 464 341 670 586 535 463 516 559 606 570 641 636 692 721 791 808 892 765 775 764 705 911 918 1034 1017 938 753 677 742 837 840 890 648 634 696 753 787 725 875 716 618 731 729 554 485 432 533 348 527 654 549 497 524 541 456 748 729 707 722 786 701 610 703 197 0 654 730 584 498 605 1056 960 1109 955 1215 867 1183 1333 1029 1206 1330 1250 1328 472 485 441 409 427 574 502 423 688 509 560 581 644 540 636 726 630 904
1317 1401 1090 896 1130 823 786 886 815 800 888 548 629 707 652 594 543 498 491 466 384 415 378 263 386 414 433 373 544 661 662 795 575 532 487 601 728 721 787 771 671 610 906 793 597 542 529 502 607 665 502 490 546 575 584 650 627 619 645 659 482 837 777 768 881 864 717 683 703 788 836 886 660 592 627 662 879 887 947 958 887 1000 998 851 754 700 802 616 795 923 303 395 236 169 432 315 362 287 173 348 420 380 554 718 635 0 312 710 805 533 732 642 793 658 753 402 918 1067 764 844 968 888 1012 903 915 871 839 876 1004 932 853 1118 940 991 1011 1075 970 1067 1156 1060 483
1450 1533 1223 1029 1262 956 919 1019 948 932 1021 680 762 840 785 727 676 631 623 604 523 552 524 395 519 595 547 487 658 793 795 927 708 664 659 751 861 857 922 903 803 742 1043 930 730 674 661 640 744 802 641 626 683 712 716 782 759 756 782 796 614 974 910 901 1014 1000 854 820 840 925 973 1023 797 729 764 799 1016 1023 1084 1095 1020 1132 1131 984 886 833 934 749 928 1055 470 562 423 400 598 355 431 434 296 389 489 539 623 877 767 297 0 869 964 692 791 702 852 718 686 462 987 1141 869 904 1028 947 1071 1035 1048 1004 971 1008 1136 1065 986 1250 1072 1123 1144 1207 1103 1199 1289 1192 343
1478 1561 1251 1056 1290 984 947 1047 976 960 1003 711 790 868 813 755 706 662 685 798 787 823 795 869 658 504 983 935 1075 690 703 841 739 580 567 423 892 909 953 932 834 771 1100 999 804 705 759 802 897 895 883 897 949 983 1053 1070 1154 1027 1031 1026 967 1204 1187 1296 1310 1231 1084 1032 1070 1156 1203 1253 990 941 993 1030 1188 1142 1274 1146 1048 1161 1159 1012 915 861 963 777 956 1084 525 447 585 660 376 659 574 571 649 626 546 410 542 433 582 696 843 0 173 308 1317 1222 1371 1216 1359 1008 1445 1595 1291 1451 1574 1494 1589 698 604 648 634 815 799 451 444 773 595 646 705 843 766 802 873 715 1017
1422 1505 1224 1000 1234 928 891 991 920 904 968 736 720 810 786 728 726 756 780 893 881 917 890 964 752 599 1078 1030 1169 634 617 755 768 573 656 511 867 918 954 904 866 743 1072 989 899 800 854 897 992 972 978 992 1044 1078 1148 1165 1249 1121 1126 1121 1062 1299 1281 1390 1405 1326 1156 1080 1144 1239 1243 1293 1050 1035 1088 1124 1189 1127 1278 1119 1021 1133 1132 954 887 834 935 750 929 1056 620 541 680 754 471 754 669 665 743 720 641 505 636 468 496 791 938 158 0 412 1412 1316 1465 1311 1343 1103 1540 1689 1386 1545 1669 1589 1684 670 578 620 606 729 771 425 416 747 568 620 679 817 738 776 847 689 1112
1310 1393 1080 889 1122 816 779 879 808 792 880 540 619 697 643 584 536 491 514 627 616 652 624 692 487 333 812 764 904 653 654 787 568 504 402 403 721 739 782 761 663 600 929 828 633 535 588 631 726 724 713 727 779 812 882 899 983 856 860 856 796 1033 1016 1125 1139 1060 914 861 900 985 1032 1083 819 770 822 859 1018 971 1103 975 877 990 988 841 744 691 792 607 786 913 348 276 408 482 205 482 397 394 472 448 369 233 365 420 603 519 666 293 408 0 1146 1051 1200 1046 1182 831 1274 1424 1120 1273 1397 1317 1418 815 723 765 752 845 917 658 562 980 801 853 912 987 883 976 1054 922 840
1728 1733 1493 1305 1491 1234 1197 1298 1227 1211 1299 959 1040 1118 1064 1006 954 902 893 881 799 813 799 642 781 881 560 540 423 1053 1068 1187 987 919 930 1029 1073 986 981 1060 1023 1006 1057 991 908 940 909 896 907 961 822 745 824 703 607 660 524 704 742 733 704 700 625 572 732 741 850 871 797 778 879 908 850 876 801 757 1027 1036 1002 1107 1100 1215 1261 1252 1164 1111 1202 1014 1201 1266 889 954 791 789 991 844 919 915 802 899 978 1008 1112 1150 1044 718 766 1280 1386 1103 0 142 147 331 369 368 342 496 393 233 356 271 317 1314 1326 1282 1250 1287 1415 1343 1264 1529 1351 1402 1423 1486 1382 1478 1568 1471 525
1632 1681 1398 1209 1396 1139 1102 1202 1131 1115 1204 863 945 1023 968 910 859 806 798 785 703 719 703 546 685 785 463 445 326 957 972 1091 891 823 834 933 1021 934 929 1008 929 910 1004 939 814 846 815 802 813 887 727 651 730 609 513 566 472 650 690 681 606 648 573 520 680 689 798 819 745 726 827 856 798 811 749 705 975 984 951 1055 1048 1163 1209 1156 1069 1015 1106 918 1105 1214 793 859 695 693 895 753 829 825 711 808 888 918 1022 1055 948 628 675 1184 1290 1008 135 0 178 234 389 357 340 494 341 331 455 356 403 1218 1231 1187 1155 1191 1320 1248 1169 1434 1255 1306 1327 1390 1286 1382 1472 1376 527
1771 1662 1423 1296 1545 1288 1251 1351 1280 1264 1353 1012 1094 1172 1117 1059 1008 955 947 910 828 762 852 695 834 934 605 594 468 1106 1121 1240 1040 972 983 1082 1003 916 911 990 952 1006 986 921 858 889 859 845 850 891 771 694 773 652 556 598 454 633 672 662 687 629 554 502 660 671 780 800 727 708 809 838 780 805 731 687 956 966 928 1037 1030 1145 1191 1304 1195 1124 1202 1067 1132 1195 942 1008 844 842 1044 903 978 976 862 959 1037 1068 1171 1204 1097 779 826 1333 1439 1157 140 177 0 343 498 497 268 422 322 302 334 233 279 1367 1380 1336 1303 1340 1469 1397 1318 1582 1404 1455 1476 1539 1435 1531 1621 1524 655
1628 1603 1356 1205 1392 1135 1098 1198 1127 1111 1200 859 941 1019 964 906 855 790 779 720 637 572 653 542 681 781 363 441 226 953 968 1087 887 819 830 929 895 798 852 931 782 816 927 861 667 699 668 655 666 740 580 504 583 462 365 419 355 503 592 603 497 570 495 442 602 611 720 741 667 648 749 779 720 664 671 628 897 907 874 978 970 1085 1131 1113 1006 952 1048 914 1065 1136 789 855 691 689 891 750 825 841 725 818 884 934 1018 1051 944 644 692 1180 1286 1004 324 231 337 0 495 387 405 568 275 482 592 490 515 1214 1227 1183 1151 1187 1316 1244 1165 1430 1251 1302 1323 1386 1282 1378 1468 1372 593
1884 1937 1650 1460 1647 1390 1353 1453 1382 1367 1455 1115 1196 1274 1220 1161 1110 1058 1049 1037 955 982 955 798 937 1037 732 700 595 1208 1224 1343 1142 1075 1086 1185 1295 1213 1250 1328 1198 1162 1325 1259 1083 1107 1084 1070 1082 1156 996 920 999 878 781 835 771 919 1008 1001 875 968 893 840 1000 1009 1118 1139 1065 1046 1147 1176 1118 1080 1069 1025 1295 1305 1271 1375 1368 1483 1529 1408 1320 1267 1358 1169 1356 1468 951 1044 905 865 1080 864 939 935 811 904 998 1028 1132 1306 1200 738 661 1337 1332 1161 361 393 495 491 0 388 692 781 661 400 522 483 593 1470 1482 1438 1406 1443 1571 1499 1420 1685 1507 1558 1578 1642 1537 1634 1723 1627 387
1533 1587 1299 1110 1297 1040 1003 1103 1032 1016 1105 765 846 924 869 811 760 707 699 686 605 632 604 447 587 687 520 464 479 858 874 993 792 724 735 834 945 941 1001 979 866 811 1116 1013 794 757 744 720 809 883 717 705 764 745 649 702 655 786 861 878 684 870 795 742 902 911 921 902 918 948 1049 1078 867 808 841 877 1090 1096 1157 1170 1100 1212 1212 1057 970 916 1007 819 1006 1117 601 693 555 514 730 513 589 585 471 568 648 678 782 956 849 388 435 993 1099 810 360 353 494 375 384 0 642 796 594 480 603 523 654 1119 1132 1088 1056 1093 1221 1149 1070 1335 1157 1208 1228 1292 1187 1283 1373 1277 225
1652 1451 1297 1171 1454 1309 1288 1376 1349 1337 1425 1057 1125 1182 1084 1022 1004 906 895 837 754 689 837 768 862 1007 561 666 424 1179 1194 1313 1084 1045 1056 1155 883 793 792 871 819 932 835 801 784 815 785 772 717 758 697 620 642 523 471 464 335 500 551 543 613 438 435 277 394 469 661 681 608 587 620 578 660 672 611 568 751 803 662 826 909 933 990 1184 1072 1001 1083 1140 1013 1057 1015 1080 917 915 1117 976 1051 1076 950 1043 1110 1171 1244 1276 1170 889 957 1406 1512 1229 334 339 266 395 683 632 0 170 241 421 368 321 246 1440 1453 1408 1376 1413 1541 1470 1390 1655 1477 1528 1549 1612 1508 1604 1694 1597 824
1731 1481 1327 1201 1533 1402 1381 1470 1461 1481 1569 1191 1258 1297 1199 1140 1139 1041 1030 981 898 832 980 912 1006 1151 723 810 586 1323 1338 1457 1219 1189 1200 1299 963 876 871 950 932 1066 865 859 917 950 919 906 845 883 841 764 771 652 599 593 464 628 679 625 767 489 494 332 424 499 724 761 668 638 650 608 740 798 720 673 782 833 692 856 942 963 1020 1268 1156 1085 1162 1284 1063 1087 1159 1224 1061 1059 1261 1120 1195 1220 1094 1187 1254 1315 1388 1420 1314 1033 1102 1550 1656 1373 488 493 420 557 778 787 168 0 403 437 321 397 286 1584 1596 1552 1520 1557 1685 1613 1534 1799 1621 1672 1693 1756 1652 1748 1838 1741 978
1515 1407 1167 1041 1318 1186 1165 1253 1196 1185 1273 904 973 1048 962 900 852 754 743 684 601 536 684 616 710 855 409 514 272 1026 1042 1161 932 892 904 1003 747 660 656 735 697 780 731 665 631 663 632 619 595 636 544 468 520 401 330 342 199 378 416 407 461 374 299 246 406 415 524 545 471 452 553 583 524 550 475 431 701 711 677 782 774 889 935 1052 940 869 947 987 877 940 863 928 764 763 965 823 899 924 798 891 957 1019 1091 1124 1017 737 805 1254 1360 1077 379 343 314 266 655 589 229 389 0 564 530 438 403 1288 1300 1256 1224 1261 1389 1317 1238 1503 1325 1376 1396 1460 1355 1452 1541 1445 796
1879 1833 1645 1456 1642 1385 1348 1448 1378 1362 1450 1110 1191 1269 1215 1156 1105 1053 1044 1032 950 967 950 793 932 1032 711 691 574 1204 1219 1338 1137 1070 1081 1180 1250 1164 1159 1238 1177 1157 1218 1168 1062 1094 1063 1050 1061 1135 976 899 978 857 761 814 702 881 920 910 854 842 802 685 777 851 1027 1048 975 955 1002 960 1027 1053 978 935 1134 1186 1044 1208 1277 1316 1372 1403 1315 1262 1353 1165 1352 1439 1040 1105 942 940 1142 956 1032 1028 914 1011 1090 1120 1224 1301 1195 831 878 1431 1537 1253 225 330 299 470 399 477 416 428 555 0 149 163 213 1465 1477 1433 1401 1438 1566 1494 1415 1680 1502 1553 1573 1637 1532 1629 1718 1622 638
1967 1717 1563 1437 1766 1509 1472 1572 1501 1486 1574 1234 1315 1393 1338 1280 1229 1176 1168 1129 1046 981 1073 917 1056 1156 835 815 698 1327 1343 1462 1261 1194 1205 1304 1199 1112 1108 1187 1163 1225 1102 1095 1076 1108 1077 1064 1061 1102 989 913 986 867 774 808 665 844 882 861 905 725 731 568 660 735 960 997 905 874 886 844 976 1016 941 898 1018 1070 928 1092 1178 1200 1256 1504 1392 1321 1399 1288 1299 1323 1164 1229 1065 1064 1266 1080 1155 1152 1038 1135 1214 1244 1348 1425 1319 954 1002 1555 1661 1377 349 454 332 580 518 601 365 312 518 147 0 194 126 1589 1601 1557 1525 1562 1690 1618 1539 1804 1626 1677 1697 1761 1656 1753 1842 1746 761
1892 1771 1544 1418 1686 1429 1392 1492 1421 1405 1493 1153 1235 1313 1258 1200 1148 1096 1088 1038 955 890 993 836 975 1075 751 734 614 1247 1262 1381 1181 1113 1124 1223 1124 1037 1032 1111 1074 1134 1107 1042 985 1017 986 973 971 1012 898 822 897 778 683 719 575 755 793 783 814 751 676 596 714 788 901 921 848 829 930 898 901 926 852 808 1071 1087 981 1145 1151 1253 1309 1428 1317 1245 1323 1208 1254 1316 1083 1148 985 983 1185 1000 1075 1071 957 1055 1134 1164 1268 1344 1238 874 922 1474 1580 1297 263 355 230 478 479 521 316 389 428 161 192 0 166 1508 1521 1476 1444 1481 1609 1538 1458 1723 1545 1596 1617 1680 1576 1672 1762 1665 681
1857 1678 1509 1383 1660 1502 1465 1565 1495 1479 1567 1225 1293 1368 1289 1227 1173 1075 1064 1005 922 857 1005 910 1030 1149 729 808 592 1321 1336 1455 1253 1187 1198 1297 1089 1003 998 1077 1039 1101 1063 1007 952 984 953 940 937 978 865 789 862 743 650 684 541 720 759 749 781 677 641 520 622 696 866 887 814 794 847 805 866 892 817 774 979 1031 889 1053 1116 1161 1217 1394 1282 1211 1289 1281 1219 1282 1157 1222 1058 1057 1259 1117 1193 1190 1077 1174 1252 1283 1386 1418 1312 993 1041 1548 1654 1371 310 401 277 503 591 652 241 278 394 211 127 153 0 1582 1594 1550 1518 1555 1683 1611 1532 1797 1619 1670 1690 1754 1649 1746 1835 1739 812
1084 1242 1048 793 961 724 687 787 704 680 366 642 615 628 639 580 605 653 683 793 781 812 784 863 638 680 971 918 1058 519 394 581 670 495 626 668 719 769 801 748 698 581 913 840 764 716 771 810 856 819 885 885 944 961 1039 1050 1145 1017 1024 1017 953 1164 1170 1260 1265 1178 991 930 991 1088 1089 1129 888 886 942 1008 1031 968 1118 971 870 982 981 752 739 686 777 589 776 887 835 775 798 796 790 1003 984 972 978 1042 956 865 958 589 482 909 985 683 666 794 1303 1212 1362 1198 1466 1119 1433 1580 1269 1460 1584 1494 1582 0 178 112 163 264 163 313 290 417 196 261 166 231 126 222 303 359 1159
1234 1379 1091 889 1076 819 782 882 812 796 517 664 638 716 661 603 628 675 706 815 803 834 807 885 660 703 993 941 1080 555 522 652 693 517 648 691 742 792 824 771 720 603 936 863 787 739 793 832 878 842 907 907 967 984 1061 1073 1167 1039 1047 1040 976 1187 1193 1283 1288 1201 1014 953 1014 1110 1111 1152 911 909 964 1030 1054 991 1141 993 892 1004 1004 848 762 708 799 611 798 909 858 798 821 819 784 1026 982 979 1000 1034 954 818 950 611 505 931 1008 589 574 705 1326 1234 1384 1220 1489 1142 1455 1602 1292 1482 1606 1517 1604 176 0 177 237 391 313 195 230 389 105 218 252 352 276 313 391 331 1182
1175 1315 1037 819 988 749 712 812 731 707 458 610 584 653 607 549 574 621 652 761 749 780 753 831 606 649 939 887 1026 501 421 598 638 463 594 637 688 738 770 717 666 549 882 809 733 685 739 778 824 788 853 853 913 930 1007 1019 1113 985 993 986 922 1133 1138 1229 1234 1147 960 899 960 1056 1057 1097 857 855 910 976 1000 937 1087 939 838 950 950 778 708 654 745 557 744 855 804 744 766 765 758 972 953 940 946 1010 925 833 926 557 451 877 954 639 622 750 1272 1180 1330 1166 1435 1088 1401 1548 1238 1428 1552 1463 1550 110 171 0 113 291 255 240 258 513 249 338 264 322 218 323 403 455 1127
1185 1293 1005 803 979 733 696 796 722 698 468 578 552 630 575 517 542 589 619 729 717 748 721 799 574 616 907 855 994 469 405 566 606 431 562 604 656 706 738 685 634 517 849 777 701 653 707 746 792 756 821 821 881 898 975 987 1081 953 961 954 890 1100 1106 1197 1202 1115 928 867 927 1024 1025 1065 824 823 878 944 967 904 1055 907 806 918 918 762 676 622 713 525 712 823 771 712 734 733 726 939 921 908 914 978 893 801 894 525 419 845 922 619 603 731 1240 1148 1298 1134 1403 1056 1369 1516 1206 1396 1520 1430 1518 161 231 109 0 282 264 290 226 522 304 367 271 335 230 327 416 464 1095
1086 1158 916 662 773 567 522 625 516 492 372 563 510 496 569 549 553 621 659 769 757 788 760 839 614 643 947 894 1034 387 262 449 592 416 547 590 688 738 770 716 666 549 881 808 733 692 747 786 824 788 861 861 920 937 1015 1026 1121 993 993 986 929 1132 1138 1237 1234 1147 960 899 959 1056 1057 1097 856 855 910 976 999 936 1087 939 838 950 942 621 621 654 734 557 744 770 798 751 773 772 718 979 963 948 954 1020 935 843 936 473 425 885 961 790 726 824 1279 1188 1338 1174 1442 1095 1409 1556 1245 1436 1560 1470 1558 262 385 283 280 0 290 497 419 620 402 465 369 371 328 425 514 562 1135
982 1140 1074 820 953 750 713 813 730 706 265 721 668 654 727 682 707 754 785 894 882 913 886 964 739 781 1072 1020 1159 545 421 607 749 573 704 748 821 871 903 850 799 682 1015 942 866 818 872 911 957 921 986 986 1046 1063 1140 1152 1246 1118 1126 1119 1055 1266 1271 1362 1367 1280 1093 1032 1092 1189 1190 1230 990 988 1043 1109 1133 1069 1220 1072 971 1083 1083 778 779 787 878 690 877 928 937 877 899 898 876 1104 1086 1073 1079 1143 1058 966 1059 631 583 1010 1087 784 768 896 1405 1313 1463 1299 1568 1221 1534 1681 1371 1561 1685 1596 1683 160 307 246 262 252 0 448 391 509 292 353 256 150 153 287 357 451 1260
1327 1393 1106 904 1091 834 797 897 826 810 652 678 652 730 676 617 642 689 720 829 817 849 821 900 674 717 1007 955 1095 569 610 666 707 532 663 705 756 806 838 785 735 617 950 877 801 753 807 847 893 856 921 922 981 998 1076 1087 1182 1054 1061 1054 990 1201 1207 1297 1302 1215 1028 967 1028 1124 1125 1166 925 923 979 1044 1068 1005 1155 1007 906 1018 1018 863 776 723 814 625 812 924 866 787 835 833 716 1000 915 911 989 966 887 751 882 589 519 945 1022 436 421 637 1340 1248 1398 1235 1503 1156 1470 1616 1306 1496 1620 1531 1619 311 192 233 286 457 420 0 244 412 233 284 344 482 412 441 512 354 1196
1248 1314 1027 825 1012 755 717 818 747 731 595 599 573 651 596 538 563 610 641 750 738 770 742 821 595 638 928 876 1015 490 531 587 628 453 584 626 677 727 759 706 656 538 871 798 722 674 728 768 814 777 842 843 902 919 997 1008 1102 975 982 975 911 1122 1128 1218 1223 1136 949 888 949 1045 1046 1087 846 844 900 965 989 926 1076 928 827 939 939 784 697 644 735 546 733 845 770 691 756 754 620 903 818 815 893 870 790 655 786 493 440 866 943 429 413 541 1261 1169 1319 1156 1424 1077 1391 1537 1227 1417 1541 1452 1540 287 225 250 224 381 362 229 0 537 308 410 398 462 357 454 543 479 1117
1336 1495 1282 1080 1267 1010 973 1073 1002 986 713 855 829 907 852 794 819 866 896 1006 994 1025 998 1076 851 893 1184 1132 1271 746 751 843 883 708 839 881 933 983 1015 961 911 794 1126 1053 978 930 984 1023 1069 1033 1098 1098 1158 1174 1252 1264 1358 1230 1238 1231 1167 1377 1383 1474 1479 1392 1205 1144 1204 1301 1302 1342 1101 1100 1155 1221 1244 1181 1332 1184 1083 1195 1194 1039 953 899 990 802 989 1100 1048 989 1011 1010 1003 1216 1197 1185 1191 1255 1169 1073 1171 802 695 1122 1198 758 743 959 1517 1425 1575 1411 1680 1333 1646 1793 1482 1673 1797 1707 1795 414 382 505 520 582 480 408 534 0 283 241 369 510 471 362 348 146 1372
1213 1371 1104 902 1089 832 795 895 824 808 496 677 651 729 674 616 640 688 718 828 816 847 819 898 673 715 1006 953 1093 568 532 665 705 530 661 703 754 805 837 783 733 616 948 875 799 751 806 845 891 855 920 920 979 996 1074 1085 1180 1052 1059 1052 988 1199 1205 1296 1301 1213 1027 965 1026 1123 1124 1164 923 922 977 1043 1066 1003 1154 1006 905 1017 1016 861 774 721 812 624 811 922 870 811 833 831 825 1038 1019 1007 1013 1077 991 895 993 624 517 944 1020 580 565 781 1338 1247 1397 1233 1502 1154 1468 1615 1304 1495 1619 1529 1617 194 98 240 302 364 263 230 307 278 0 113 155 293 254 252 336 225 1194
1258 1416 1155 953 1140 883 846 946 875 859 557 728 702 780 725 667 692 739 769 879 867 898 870 949 724 766 1057 1005 1144 619 595 716 756 581 712 754 805 856 888 834 784 667 999 926 850 802 857 896 942 906 971 971 1030 1047 1125 1136 1231 1103 1110 1103 1039 1250 1256 1347 1352 1265 1078 1016 1077 1174 1175 1215 974 973 1028 1094 1117 1054 1205 1057 956 1068 1067 912 826 772 863 675 862 973 921 862 884 883 876 1089 1070 1058 1064 1128 1042 946 1044 675 568 995 1071 631 616 832 1389 1298 1448 1284 1553 1205 1519 1666 1355 1546 1670 1580 1668 259 212 330 365 427 325 281 407 237 109 0 164 329 315 200 262 177 1245
1177 1335 1153 898 1066 829 792 892 809 785 460 750 724 733 747 689 714 761 792 901 889 920 893 972 746 789 1079 1027 1166 624 500 686 779 604 735 777 828 878 910 857 807 689 1022 949 873 825 879 919 965 928 993 994 1053 1070 1148 1159 1253 1126 1133 1126 1062 1273 1279 1369 1374 1287 1100 1039 1100 1196 1197 1238 997 995 1050 1116 1140 1077 1227 1079 978 1090 1090 857 848 795 886 697 884 996 944 884 907 905 899 1112 1093 1081 1086 1150 1065 973 1066 697 591 1017 1094 690 675 891 1412 1320 1470 1307 1575 1228 1542 1688 1378 1568 1692 1603 1691 163 246 255 269 331 228 340 395 364 153 159 0 223 218 172 252 297 1268
1049 1207 1155 900 1020 831 794 894 811 787 353 802 749 735 808 753 778 825 855 965 953 984 956 1035 810 852 1143 1091 1230 626 502 688 830 654 785 828 892 942 974 920 870 753 1085 1012 937 888 943 982 1028 992 1057 1057 1116 1133 1211 1222 1317 1189 1196 1189 1125 1336 1342 1433 1438 1351 1164 1103 1163 1260 1261 1301 1060 1059 1114 1180 1203 1140 1291 1143 1042 1154 1153 859 859 858 949 761 948 1009 1007 948 970 969 957 1175 1156 1144 1150 1214 1128 1037 1130 711 654 1081 1157 828 813 967 1475 1384 1534 1370 1639 1291 1605 1752 1441 1632 1756 1666 1754 228 346 314 333 333 121 472 458 505 291 324 219 0 167 211 277 428 1331
1074 1232 1112 857 1025 788 751 851 768 744 357 709 683 692 706 648 673 720 751 860 848 879 852 930 705 748 1038 986 1125 583 459 645 738 563 694 736 787 837 869 816 766 648 981 908 832 784 838 878 924 887 952 953 1012 1029 1106 1118 1212 1085 1092 1085 1021 1232 1238 1328 1333 1246 1059 998 1059 1155 1156 1197 956 954 1009 1075 1099 1036 1186 1038 937 1049 1049 816 807 753 844 656 843 955 903 843 866 864 858 1071 1052 1040 1045 1109 1024 932 1025 656 550 976 1053 751 734 862 1371 1279 1429 1266 1534 1187 1501 1647 1337 1527 1651 1562 1650 123 270 210 228 290 124 397 354 466 252 310 215 164 0 257 327 413 1227
1109 1267 1208 954 1080 884 847 948 864 840 491 806 780 788 803 745 770 817 847 957 945 976 948 1027 802 844 1135 1082 1222 679 555 741 834 659 790 832 883 934 966 912 862 745 1077 1004 928 880 935 974 1020 984 1049 1049 1108 1125 1203 1214 1309 1181 1188 1181 1117 1328 1334 1425 1430 1342 1156 1094 1155 1252 1253 1293 1052 1051 1106 1172 1195 1132 1283 1135 1034 1146 1145 913 903 850 941 753 940 1051 999 940 962 961 954 1167 1148 1136 1142 1206 1120 1029 1122 753 646 1073 1149 787 772 958 1467 1376 1526 1362 1631 1283 1597 1744 1433 1624 1748 1658 1746 219 307 314 324 387 258 433 450 357 250 195 169 207 254 0 155 249 1323
1073 1232 1298 1043 1044 974 937 1037 954 930 495 895 869 878 892 834 859 906 937 1046 1034 1065 1038 1117 891 934 1224 1172 1311 769 645 831 924 749 880 922 973 1023 1055 1002 952 834 1167 1094 1018 970 1024 1064 1110 1073 1138 1139 1198 1215 1292 1304 1398 1271 1278 1271 1207 1418 1424 1514 1519 1432 1245 1184 1245 1341 1342 1383 1142 1140 1195 1261 1285 1222 1372 1224 1123 1235 1235 1002 993 940 1031 842 1029 1141 1089 1029 1052 1050 1044 1257 1238 1226 1231 1295 1210 1118 1211 842 736 1162 1239 858 843 1037 1557 1465 1615 1452 1720 1373 1687 1833 1523 1713 1837 1748 1836 301 385 394 414 476 328 508 540 344 335 257 248 274 324 153 0 251 1413
1273 1431 1224 1022 1209 952 915 1015 944 928 655 797 771 849 794 736 761 808 838 948 936 967 940 1018 793 835 1126 1074 1213 688 693 785 825 650 781 823 875 925 957 903 853 736 1068 995 920 872 926 965 1011 975 1040 1040 1100 1116 1194 1205 1300 1172 1180 1172 1109 1319 1325 1416 1421 1334 1147 1086 1146 1243 1244 1284 1043 1042 1097 1163 1186 1123 1274 1126 1025 1137 1136 981 895 841 932 744 931 1042 990 931 953 952 945 1158 1139 1127 1133 1197 1111 1015 1113 744 637 1064 1140 700 685 901 1458 1367 1517 1353 1622 1275 1588 1735 1424 1615 1739 1649 1737 356 324 447 462 524 422 350 476 142 221 172 293 424 410 246 248 0 1314
1621 1704 1393 1200 1433 1127 1090 1190 1119 1103 1191 851 933 1011 956 898 846 802 794 775 694 723 695 566 690 766 718 658 753 964 965 1098 879 835 830 922 1032 1028 1093 1074 974 913 1214 1101 901 845 832 811 915 973 812 797 854 883 879 945 887 927 953 967 785 1101 1028 1000 1137 1146 1025 991 1011 1096 1143 1194 968 899 935 970 1187 1194 1255 1266 1191 1303 1302 1155 1057 1004 1105 920 1099 1226 641 733 594 571 769 526 602 605 467 560 660 710 794 1048 938 468 317 1040 1135 863 545 550 674 617 408 248 852 1006 814 657 781 701 832 1206 1219 1175 1142 1179 1307 1236 1157 1421 1243 1294 1315 1378 1274 1370 1460 1363 0
