124 10
100 475 11430 7750 3155 9785 5655 8440 12045 2180 12950 7850 3900 700 13375 15345 13335 30 6300 9075 13990 14775 4320 10245 5075 7880 260 10250 14175 12335 5965 8180 7945 11085 3395 8155 205 150 10080 11970 9460 1455 2330 9265 1695 11635 5050 7890 13485 1735 4780 195 7280 775 1570 655 4075 5460 2575 5705 5270 4240 9600 13825 10370 4380 7715 8255 860 14370 50 17690 1755 8585 1630 210 2825 3820 1180 4305 8910 1235 1925 3520 3325 80 10240 8000 7150 3520 400 6625 15090 6565 9595 9255 12585 10235 10620 11750 395 125 9635 4960 1675 2415 8195 4180 610 6510 1540 11985 6345 6675 605 8045 6505 5740 7580 1705 1720 135 665 45
0 1202 1357 1386 1334 1281 1262 1435 1349 1465 1687 1717 1584 1689 1583 1370 1778 1696 1798 1761 1855 1543 1701 1868 1877 1801 1786 1673 1586 1660 1548 1510 1504 1545 1592 1669 1594 1754 1638 1681 1592 1614 1533 1554 1545 1427 1446 1450 1398 1161 1389 1402 1119 1340 1110 1031 925 1675 1562 1530 1448 1299 1159 919 897 1202 1063 970 1150 1181 1130 1300 1591 661 665 778 336 300 822 693 641 796 1123 974 1583 1871 1510 1645 1585 1922 1805 1865 1293 1829 1851 1669 1733 1684 1826 1933 1901 1702 1542 2199 2417 2192 1736 2117 2403 2317 2579 2646 2118 2102 1906 1970 2596 2621 2651 1789 1652 863 826 890
1256 0 650 575 658 518 498 983 980 979 925 954 822 1058 820 608 1018 940 1060 1012 1101 781 954 1212 1115 1039 1024 1022 958 1097 1067 960 845 924 854 955 1111 1295 992 923 832 858 775 792 782 664 1107 964 917 857 626 898 620 872 612 486 578 1187 1081 1403 1262 998 1250 1092 1213 1309 1406 1295 1502 1391 1490 1655 1943 1427 1549 1661 1282 1098 1313 630 1101 750 1683 1100 1520 1408 1851 1767 1926 1920 2012 2080 1653 2171 2194 2013 2079 2037 2169 2278 2259 2049 1883 2540 2783 2533 2113 2458 2745 2677 2926 2989 2490 2417 2265 2319 3002 2963 3132 2130 1994 1746 1753 1773
1360 594 0 157 226 438 341 504 398 415 708 733 588 494 509 352 835 760 990 871 981 759 917 1191 1094 1018 1003 998 933 1072 1191 927 823 880 810 929 1077 1229 968 897 808 831 750 771 761 643 1241 1083 1111 1102 605 1128 906 1127 898 828 744 1253 1290 1653 1482 1273 1342 1188 1315 1386 1508 1391 1596 1490 1575 1746 2036 1531 1653 1765 1386 1202 1371 715 1205 836 1779 1156 1740 1542 1955 1987 2030 2055 2168 2152 1738 2275 2297 2114 2178 2130 2271 2378 2346 2147 1987 2644 2862 2637 2217 2562 2849 2763 3025 3094 2577 2489 2337 2405 3106 3067 3236 2234 2098 1850 1857 1877
1398 528 154 0 255 433 336 613 507 524 730 755 610 603 586 374 857 782 1004 893 1003 749 907 1181 1084 1008 993 988 923 1062 1181 917 813 843 773 919 1067 1219 958 887 798 821 740 761 751 633 1231 1073 1101 1153 590 1118 915 1168 939 799 718 1243 1280 1643 1472 1324 1380 1226 1354 1424 1546 1429 1634 1528 1613 1784 2075 1569 1691 1804 1425 1240 1409 753 1243 874 1818 1194 1730 1533 1993 1977 2068 2045 2158 2142 1776 2313 2335 2153 2217 2168 2309 2416 2384 2185 2026 2682 2900 2675 2255 2601 2887 2801 3063 3132 2568 2479 2327 2395 3109 3105 3274 2273 2136 1888 1895 1915
1340 611 223 254 0 617 521 484 398 483 901 925 781 562 577 545 1028 953 1182 1064 1174 939 1096 1371 1273 1197 1182 1178 1112 1251 1315 1107 1002 1060 990 1108 1257 1408 1148 1076 987 1010 929 950 941 822 1303 1218 1165 1082 784 1169 886 1107 877 824 719 1433 1336 1657 1517 1253 1322 1168 1295 1366 1488 1371 1575 1470 1555 1725 2016 1511 1633 1745 1366 1182 1351 694 1184 816 1759 1136 1775 1662 1935 2022 2010 2174 2230 2290 1718 2254 2276 2094 2158 2109 2251 2358 2326 2127 1967 2624 2842 2617 2196 2542 2828 2742 3004 3073 2573 2529 2390 2403 3086 3046 3216 2214 2077 1830 1837 1857
1288 457 435 416 612 0 237 895 789 801 532 567 435 872 555 255 632 549 651 614 708 396 554 828 730 655 639 635 570 709 828 564 460 510 440 566 714 866 605 534 445 468 386 400 397 273 878 720 747 852 187 765 807 913 831 691 610 890 927 1274 1053 932 1272 1118 1246 1316 1430 1321 1526 1353 1299 1607 1897 1456 1582 1667 1242 1125 1301 645 1111 766 1710 1086 1329 1179 1885 1624 1830 1691 1805 1789 1668 2172 2191 2004 2039 1991 2132 2239 2207 2036 1847 2505 2723 2385 1920 2423 2710 2624 2886 2920 2184 2124 1882 2034 2692 2866 2957 2089 1934 1733 1767 1744
1259 428 338 319 515 189 0 799 692 705 647 678 523 775 506 300 767 684 786 749 843 531 689 963 866 790 775 770 705 844 963 699 595 592 522 701 849 1001 740 669 580 603 522 535 532 409 1013 855 877 988 338 900 778 1031 802 662 581 1025 1062 1409 1189 1067 1243 1090 1217 1287 1409 1293 1497 1391 1434 1647 1938 1427 1553 1638 1213 1096 1272 616 1083 737 1681 1058 1464 1314 1856 1759 1931 1827 1940 1924 1640 2176 2198 2016 2080 2031 2173 2279 2247 2048 1887 2546 2764 2425 2055 2464 2750 2664 2926 2960 2319 2259 2017 2169 2827 2906 2998 2129 1974 1704 1738 1715
1451 936 520 629 499 911 815 0 282 368 1046 1070 926 614 663 838 1177 1106 1354 1224 1329 1148 1347 1665 1567 1491 1476 1475 1410 1543 1434 1401 1298 1355 1286 1408 1485 1678 1445 1376 1284 1310 1227 1244 1235 1116 1473 1330 1283 1224 1078 1280 997 1218 989 952 937 1554 1447 1769 1628 1365 1433 1279 1407 1477 1599 1482 1687 1581 1666 1837 2127 1622 1744 1857 1478 1293 1462 825 1296 945 1870 1295 1886 1774 2046 2133 2121 2286 2341 2401 1829 2366 2388 2206 2270 2221 2362 2469 2437 2238 2079 2735 2953 2728 2308 2653 2940 2854 3116 3185 2685 2641 2501 2514 3197 3158 3327 2326 2189 1941 1948 1968
1379 933 427 536 427 819 722 266 0 156 834 859 714 402 452 711 965 895 1143 1013 1117 937 1136 1533 1435 1359 1344 1332 1268 1407 1361 1270 1155 1253 1183 1276 1413 1606 1313 1244 1153 1178 1084 1101 1103 974 1401 1258 1211 1151 986 1208 925 1146 917 880 876 1481 1375 1697 1556 1292 1361 1207 1334 1405 1527 1410 1615 1509 1594 1765 2055 1550 1672 1784 1405 1221 1390 753 1224 873 1798 1223 1814 1702 1974 2061 2049 2214 2269 2329 1757 2294 2316 2134 2197 2149 2290 2397 2365 2166 2007 2663 2881 2656 2236 2581 2868 2782 3044 3113 2613 2569 2429 2442 3125 3086 3255 2253 2117 1869 1876 1896
1463 931 412 524 478 806 710 352 127 0 729 760 605 292 356 646 867 792 1021 903 1012 838 1024 1437 1339 1263 1248 1233 1168 1306 1436 1162 1058 1155 1085 1174 1323 1474 1214 1142 1053 1076 984 1005 1007 877 1428 1317 1290 1207 973 1294 1011 1232 1003 965 962 1499 1461 1783 1642 1378 1447 1293 1420 1491 1613 1496 1700 1595 1680 1850 2141 1631 1756 1841 1417 1300 1476 820 1286 941 1884 1261 1900 1787 2060 2147 2135 2300 2355 2397 1843 2380 2401 2219 2283 2235 2376 2483 2451 2252 2092 2749 2967 2742 2286 2667 2954 2867 3130 3198 2668 2652 2456 2520 3146 3172 3201 2339 2202 1907 1941 1919
1697 865 705 713 895 556 656 1030 804 738 0 166 219 773 466 486 248 254 491 371 459 286 494 1015 917 813 826 813 784 886 988 817 713 810 740 726 875 1026 766 695 605 628 639 561 591 533 1131 972 1000 1105 634 1018 1216 1166 1230 1099 1019 1051 1088 1451 1279 1277 1568 1527 1655 1487 1591 1679 1769 1514 1460 1767 2058 1865 1990 2076 1651 1534 1710 1054 1520 1175 1947 1444 1537 1340 2053 1784 1990 1852 1966 1949 1836 2332 2352 2164 2200 2151 2293 2400 2367 2197 2009 2666 2884 2659 2080 2584 2870 2784 3046 3115 2344 2284 2042 2195 2852 3088 3118 2256 2119 2141 2176 2153
1726 895 730 738 920 585 680 1055 829 763 157 0 226 660 491 515 328 365 532 468 430 401 597 1116 1018 914 927 915 852 988 1090 846 742 839 769 828 976 1128 867 796 707 730 668 675 691 562 1160 1001 1029 1134 663 1047 1245 1195 1259 1129 1048 1152 1189 1552 1381 1306 1597 1556 1684 1588 1692 1759 1870 1615 1561 1869 2159 1894 2019 2105 1680 1563 1739 1083 1549 1204 2049 1473 1639 1441 2154 1886 2092 1954 2067 2051 1937 2434 2454 2266 2302 2253 2394 2501 2469 2299 2111 2767 2985 2760 2182 2685 2972 2886 3148 3217 2446 2386 2144 2296 2954 3190 3219 2358 2221 2171 2205 2182
1593 762 585 593 775 453 536 910 684 618 210 223 0 613 346 381 363 349 579 460 570 396 581 989 891 815 800 785 720 858 988 714 610 707 637 726 875 1026 766 694 605 628 536 557 559 429 1028 869 897 1002 531 915 1112 1063 1127 996 916 1051 1088 1451 1279 1173 1465 1424 1551 1487 1591 1627 1768 1514 1460 1767 2058 1762 1887 1972 1548 1431 1607 951 1417 1072 1947 1341 1537 1340 2052 1784 1990 1852 1966 1949 1836 2332 2352 2164 2200 2151 2293 2399 2367 2197 2009 2666 2884 2659 2080 2584 2870 2784 3046 3115 2344 2284 2042 2195 2852 3088 3118 2256 2119 2038 2072 2050
1687 1010 491 603 557 885 789 598 373 306 764 658 590 0 412 709 917 855 1084 966 1044 901 1087 1500 1402 1326 1311 1296 1231 1370 1500 1225 1121 1219 1148 1237 1386 1537 1277 1206 1117 1139 1047 1069 1070 941 1539 1381 1408 1431 1043 1426 1235 1456 1227 1189 1118 1562 1599 1962 1791 1602 1671 1517 1644 1715 1837 1720 1924 1819 1904 2075 2365 1855 1980 2065 1641 1524 1700 1044 1510 1165 2108 1485 2048 1851 2284 2295 2359 2363 2477 2461 2067 2604 2625 2443 2507 2459 2600 2707 2675 2476 2316 2973 3191 2966 2510 2891 3178 3092 3354 3422 2856 2796 2554 2706 3363 3396 3425 2563 2427 2131 2165 2143
1596 765 505 570 571 562 512 648 422 343 457 488 333 399 0 358 610 550 779 661 771 596 782 1195 1097 1021 1006 991 926 1065 1194 920 816 913 843 932 1081 1232 972 901 811 834 742 763 765 635 1234 1075 1103 1208 737 1121 1115 1269 1139 999 918 1257 1294 1657 1485 1380 1580 1427 1554 1625 1746 1630 1834 1720 1666 1973 2264 1764 1890 1975 1551 1433 1610 953 1420 1075 2018 1395 1743 1546 2193 1990 2196 2058 2172 2155 1977 2513 2535 2353 2406 2357 2499 2606 2573 2386 2215 2872 3090 2865 2286 2790 3076 2990 3252 3321 2550 2490 2248 2401 3058 3294 3324 2462 2325 2041 2075 2053
1383 552 349 357 539 249 290 823 682 633 476 512 368 695 352 0 576 501 731 612 722 416 680 955 857 781 766 751 686 825 954 680 576 628 558 692 841 992 732 661 571 594 502 518 524 389 994 835 863 968 430 881 902 1029 926 786 706 1017 1054 1401 1180 1048 1368 1214 1341 1412 1534 1417 1622 1480 1426 1733 2024 1552 1677 1762 1338 1221 1397 741 1207 862 1805 1182 1455 1306 1981 1750 1956 1818 1932 1915 1764 2298 2318 2130 2166 2117 2259 2366 2333 2163 1973 2632 2850 2511 2046 2550 2836 2750 3012 3046 2310 2250 2008 2161 2818 2993 3084 2215 2061 1828 1862 1840
1792 959 838 860 1030 649 752 1161 936 869 251 330 366 920 613 579 0 172 371 222 302 302 407 912 814 710 723 714 685 788 893 744 643 804 760 629 785 969 666 597 506 532 648 574 489 570 1105 889 931 1032 728 945 1253 1093 1157 1193 1112 948 985 1348 1177 1203 1495 1585 1712 1384 1488 1577 1666 1411 1357 1665 1955 1957 2085 2198 1819 1635 1683 1147 1637 1268 1845 1371 1434 1237 1950 1682 1888 1749 1863 1847 1733 2230 2249 2062 2097 2049 2190 2297 2265 2095 1906 2563 2781 2556 1980 2481 2768 2682 2944 3013 2272 2184 2032 2100 2814 2986 3155 2153 2017 2283 2290 2310
1714 881 767 789 960 571 674 1090 865 799 260 372 356 862 557 508 170 0 353 222 327 213 346 849 751 647 660 650 622 724 830 681 580 740 697 566 721 906 603 534 443 469 584 485 425 481 1041 826 868 969 650 881 1190 1030 1094 1115 1034 885 922 1285 1113 1140 1432 1522 1649 1321 1425 1513 1603 1348 1294 1601 1892 1885 2007 2120 1741 1557 1620 1069 1559 1191 1782 1308 1371 1174 1887 1618 1824 1686 1800 1783 1670 2166 2186 1998 2034 1985 2127 2234 2202 2031 1843 2500 2718 2493 1916 2418 2705 2618 2880 2949 2209 2121 1969 2037 2751 2923 3092 2090 1953 2205 2212 2232
1846 1013 1015 1029 1208 703 807 1339 1113 1047 517 533 604 1110 805 756 369 346 0 183 93 445 326 760 663 639 571 643 614 717 822 673 572 733 689 558 714 898 595 526 435 461 577 537 418 599 1034 818 860 961 782 874 1182 1022 1086 1131 1166 877 914 1277 1106 1132 1424 1514 1641 1313 1417 1506 1595 1340 1286 1594 1884 1887 2090 2252 1873 1689 1612 1201 1644 1323 1774 1300 1364 1166 1879 1611 1817 1679 1792 1776 1662 2159 2179 1991 2027 1978 2119 2226 2194 2024 1836 2492 2710 2485 1909 2410 2697 2611 2873 2942 2202 2113 1961 2029 2734 2915 3084 2083 1946 2322 2329 2349
1798 965 885 907 1078 655 758 1208 983 916 385 482 474 980 674 626 220 216 158 0 192 340 278 793 695 591 604 594 566 668 774 625 524 684 641 510 665 850 547 478 387 413 528 488 369 551 985 770 812 913 733 825 1134 974 1038 1082 1118 829 866 1229 1057 1084 1375 1466 1593 1265 1369 1457 1547 1292 1238 1545 1836 1838 2041 2204 1825 1640 1564 1153 1595 1274 1725 1252 1315 1118 1831 1562 1768 1630 1744 1727 1614 2110 2130 1942 1978 1929 2071 2178 2146 1975 1787 2444 2662 2437 1860 2362 2648 2562 2824 2893 2153 2065 1913 1981 2695 2866 3036 2034 1897 2273 2280 2300
1887 1053 990 1012 1182 744 847 1313 1088 1021 467 439 579 1052 779 731 300 320 93 178 0 445 366 852 754 680 663 683 655 757 863 714 613 773 729 599 754 938 636 567 475 501 617 577 458 640 1074 859 901 1002 822 914 1223 1062 1127 1171 1207 918 955 1318 1146 1173 1464 1554 1682 1354 1458 1546 1636 1381 1327 1634 1925 1927 2130 2292 1913 1729 1653 1242 1684 1363 1814 1340 1404 1207 1920 1651 1857 1719 1833 1816 1703 2199 2219 2031 2067 2018 2160 2267 2234 2064 1876 2533 2751 2526 1949 2451 2737 2651 2913 2982 2242 2154 2002 2070 2784 2955 3125 2123 1986 2362 2369 2389
1556 722 768 739 948 413 516 1132 907 840 289 403 398 904 599 417 300 206 419 326 436 0 437 795 697 621 606 622 594 696 802 614 499 626 582 538 693 877 575 506 414 402 428 303 353 299 974 759 789 890 491 803 1072 951 1015 956 875 857 894 1257 1085 1062 1353 1384 1511 1293 1397 1485 1575 1320 1266 1573 1864 1727 1849 1961 1582 1398 1567 911 1400 1032 1753 1229 1343 1146 1859 1590 1796 1658 1772 1755 1642 2138 2158 1970 2006 1957 2099 2206 2173 2003 1815 2472 2690 2465 1888 2390 2676 2590 2852 2921 2181 2093 1941 2009 2723 2894 3064 2062 1925 2046 2053 2073
1740 906 952 923 1132 597 700 1332 1106 1040 510 613 597 1103 798 710 405 339 300 264 357 435 0 731 633 509 542 536 508 610 715 566 465 626 582 451 607 791 488 398 328 317 426 430 267 574 927 711 754 854 675 767 1075 915 979 1024 1059 770 808 1170 999 1026 1317 1407 1534 1207 1311 1399 1488 1233 1180 1487 1778 1780 1983 2145 1766 1582 1505 1095 1537 1216 1667 1193 1257 1060 1772 1504 1710 1572 1686 1669 1556 2052 2072 1884 1920 1871 2012 2119 2087 1917 1729 2385 2603 2378 1802 2304 2590 2504 2766 2835 2095 2006 1854 1922 2637 2808 2977 1976 1839 2215 2222 2242
1881 1141 1184 1140 1361 778 924 1644 1493 1414 992 1100 976 1476 1178 935 897 829 760 766 848 791 705 0 168 282 188 521 598 478 523 657 656 818 774 407 409 249 340 431 488 592 687 656 613 802 830 740 824 733 895 925 1008 1077 1012 977 1159 527 609 945 725 813 1196 1286 1337 997 1101 1190 1279 1024 970 1278 1568 1569 1772 1908 1706 1660 1296 1238 1393 1293 1458 1072 984 794 1563 1295 1470 1306 1415 1328 1346 1750 1731 1559 1711 1662 1803 1910 1829 1576 1518 2103 2348 2009 1459 2060 2331 2248 2510 2558 1724 1663 1422 1574 2166 2491 2537 1760 1605 1958 1992 1969
1874 1043 1086 1043 1263 680 827 1546 1395 1316 895 1003 878 1378 1080 837 799 731 662 668 750 693 608 166 0 201 90 536 614 493 538 672 610 771 727 422 425 328 355 350 452 494 619 559 515 705 845 755 839 773 797 909 1047 1062 1051 1016 1196 600 638 984 764 852 1235 1326 1376 1037 1141 1229 1318 1063 1010 1317 1608 1608 1811 1947 1745 1699 1336 1231 1432 1332 1497 1112 1039 872 1602 1334 1460 1370 1404 1318 1386 1740 1721 1549 1701 1701 1831 1949 1819 1566 1557 2093 2337 1999 1449 2068 2321 2238 2500 2547 1713 1653 1411 1564 2156 2480 2526 1799 1644 1997 2031 2009
1815 984 1027 984 1204 621 768 1488 1336 1257 804 912 819 1319 1022 778 708 640 614 577 671 635 493 278 194 0 165 403 449 384 439 527 448 610 566 249 326 300 257 148 250 385 479 500 406 646 747 656 733 674 738 747 948 899 952 918 1099 502 539 886 665 754 1137 1227 1277 938 1042 1130 1220 965 911 1218 1509 1509 1713 1848 1647 1600 1237 1173 1333 1233 1398 1013 940 791 1504 1235 1441 1303 1417 1400 1287 1783 1803 1615 1651 1602 1744 1851 1818 1648 1458 2090 2335 1996 1531 2001 2305 2235 2497 2531 1795 1735 1493 1646 2303 2478 2569 1700 1545 1898 1932 1910
1783 952 995 951 1172 589 735 1455 1304 1225 804 912 787 1287 989 746 708 640 571 577 659 602 517 184 83 164 0 500 559 457 502 609 519 680 635 386 389 292 319 314 368 403 528 468 424 614 809 719 803 737 706 818 1011 971 1015 980 1105 564 602 948 728 816 1199 1290 1340 1001 1105 1193 1282 1027 974 1281 1572 1572 1775 1911 1709 1620 1300 1140 1396 1261 1461 1076 1003 836 1566 1298 1504 1348 1462 1392 1350 1814 1795 1623 1714 1665 1807 1913 1881 1640 1521 2153 2397 2059 1524 2063 2367 2298 2560 2594 1788 1728 1486 1638 2230 2540 2601 1763 1608 1961 1995 1973
1661 952 998 969 1178 643 746 1456 1302 1236 816 918 788 1299 994 754 711 644 617 580 674 615 520 519 534 419 498 0 122 100 252 208 200 360 334 173 235 435 249 384 265 299 276 390 351 506 488 327 430 543 721 470 779 619 683 727 927 407 344 717 546 715 1006 1096 1093 753 857 946 1035 780 726 1034 1324 1327 1530 1692 1590 1477 1052 1016 1226 1103 1214 882 804 682 1319 1051 1257 1203 1295 1306 1102 1599 1636 1431 1467 1418 1559 1666 1634 1481 1276 1932 2150 1925 1439 1850 2137 2051 2313 2382 1731 1643 1491 1559 2273 2355 2524 1523 1386 1762 1769 1789
1576 888 934 904 1113 578 681 1391 1238 1171 788 856 723 1235 929 690 683 615 589 552 646 587 492 595 610 453 574 119 0 176 314 127 114 274 248 268 310 511 324 413 288 265 211 325 317 441 472 257 366 472 657 385 693 533 597 641 841 482 419 793 621 643 935 1025 1152 829 933 1021 1110 855 802 1109 1400 1402 1605 1768 1519 1406 1128 930 1155 1031 1289 811 879 757 1394 1126 1332 1279 1370 1381 1178 1674 1711 1506 1542 1493 1635 1741 1709 1556 1351 2008 2226 2000 1514 1926 2212 2126 2388 2457 1807 1718 1566 1634 2349 2430 2599 1598 1461 1837 1844 1864
1647 1024 1070 1040 1249 714 817 1527 1374 1308 888 989 860 1371 1066 826 783 715 689 652 746 687 592 483 498 388 462 95 172 0 173 200 251 374 385 177 157 399 213 392 299 370 347 461 423 578 459 311 401 498 793 485 772 633 697 741 923 371 266 639 468 650 960 1050 1014 675 779 867 957 702 648 955 1246 1248 1451 1614 1545 1431 974 1002 1180 1057 1136 837 725 603 1241 972 1178 1125 1217 1269 1024 1520 1557 1353 1388 1339 1481 1588 1556 1402 1197 1854 2072 1847 1402 1772 2059 1972 2234 2303 1695 1607 1455 1523 2237 2277 2446 1444 1307 1683 1690 1710
1538 1033 1191 1162 1350 836 939 1446 1360 1431 996 1097 983 1494 1189 949 891 823 797 760 854 796 699 530 545 447 509 246 313 169 0 300 385 458 499 301 158 413 260 497 404 522 482 596 559 712 384 236 326 388 914 529 662 677 666 632 814 372 246 599 427 559 851 941 974 635 739 827 916 661 608 915 1206 1208 1411 1574 1435 1322 934 893 1071 948 1095 727 685 572 1200 932 1138 1085 1176 1244 984 1480 1517 1312 1348 1299 1441 1547 1515 1362 1157 1814 2032 1806 1377 1732 2018 1932 2194 2263 1670 1582 1430 1498 2212 2236 2405 1404 1267 1643 1650 1670
1508 890 936 907 1116 581 684 1394 1240 1174 829 858 726 1237 932 692 742 674 648 611 705 612 551 668 683 539 647 205 124 195 295 0 117 206 248 341 353 584 397 492 347 310 214 328 363 444 382 166 276 404 659 317 626 465 529 574 774 555 426 827 655 576 867 957 1084 859 967 1055 1145 890 836 1143 1434 1414 1617 1741 1451 1338 1140 863 1087 964 1323 743 913 798 1429 1160 1366 1313 1404 1454 1212 1708 1745 1540 1576 1527 1669 1776 1743 1590 1385 2042 2260 2035 1587 1960 2246 2160 2422 2491 1880 1791 1639 1707 2422 2464 2634 1632 1495 1826 1833 1853
1497 775 821 792 1001 466 569 1279 1125 1059 714 743 611 1122 817 577 641 573 547 510 604 497 449 657 649 449 558 197 111 250 380 105 0 183 155 300 388 589 346 391 245 206 101 213 259 329 477 262 291 393 544 306 614 454 518 563 763 560 497 871 699 564 856 946 1073 907 1011 1099 1188 933 880 1187 1478 1403 1606 1730 1440 1327 1129 851 1076 953 1367 732 957 835 1472 1204 1410 1357 1448 1459 1256 1752 1789 1584 1620 1571 1713 1819 1787 1634 1429 2086 2304 2078 1592 2004 2290 2204 2466 2535 1885 1796 1644 1712 2427 2508 2677 1676 1539 1815 1822 1842
1538 839 882 845 1061 512 594 1339 1223 1157 812 841 709 1220 915 630 801 734 707 670 764 623 610 820 809 612 718 357 270 369 450 194 176 0 94 463 527 748 508 552 406 365 249 339 417 439 522 307 328 434 576 347 655 495 559 604 804 720 566 967 795 606 897 987 1114 999 1107 1168 1285 1030 976 1283 1574 1444 1647 1771 1481 1368 1170 893 1117 994 1463 773 1053 938 1569 1300 1506 1453 1545 1613 1352 1848 1885 1680 1716 1667 1809 1916 1884 1730 1525 2182 2400 2175 1745 2100 2386 2300 2562 2631 2038 1950 1798 1866 2580 2604 2774 1772 1635 1856 1863 1883
1579 770 812 775 992 442 524 1270 1154 1087 742 771 639 1150 845 560 757 690 664 627 721 579 566 776 765 568 674 331 244 384 492 236 148 92 0 419 522 723 465 508 362 321 205 295 374 378 563 348 369 476 506 388 697 537 601 645 845 694 608 1004 833 647 938 1029 1156 1040 1145 1210 1322 1067 1014 1321 1612 1486 1689 1813 1523 1409 1211 934 1158 1035 1501 815 1091 969 1606 1338 1544 1490 1582 1593 1389 1886 1923 1718 1754 1705 1846 1953 1921 1768 1563 2219 2437 2212 1726 2137 2424 2338 2600 2669 2019 1930 1778 1846 2560 2642 2811 1810 1673 1898 1905 1925
1683 881 927 898 1107 572 675 1385 1233 1167 732 833 719 1230 925 685 627 559 533 496 590 532 436 424 439 265 403 157 268 173 294 329 299 461 417 0 196 381 114 234 140 269 333 405 295 549 610 460 552 533 650 602 807 750 811 776 958 360 393 760 589 704 995 1086 1136 797 901 989 1078 823 770 1077 1368 1370 1573 1736 1580 1466 1096 1037 1215 1092 1257 872 847 650 1362 1094 1300 1162 1276 1259 1146 1642 1662 1474 1510 1461 1603 1709 1677 1507 1319 1976 2193 1968 1392 1894 2180 2094 2356 2425 1685 1596 1444 1512 2227 2398 2567 1566 1429 1805 1812 1832
1602 1037 1083 1053 1262 727 830 1510 1389 1322 887 989 874 1385 1080 840 782 715 688 651 745 687 591 422 437 338 401 229 307 153 151 340 378 520 517 178 0 303 151 389 296 425 478 561 450 705 517 369 459 452 806 638 726 786 731 696 878 280 213 586 414 597 915 1005 961 622 726 814 904 649 595 902 1193 1195 1398 1561 1498 1386 921 957 1135 1012 1083 791 672 550 1188 919 1125 1072 1164 1179 971 1467 1504 1299 1335 1286 1428 1535 1503 1349 1144 1801 2019 1794 1312 1719 2006 1919 2181 2250 1604 1516 1364 1432 2146 2224 2393 1391 1254 1630 1637 1657
1795 1221 1267 1238 1447 912 1015 1703 1573 1507 1071 1173 1058 1570 1265 1025 967 899 873 836 930 872 775 295 373 345 337 427 505 384 405 563 576 735 715 364 291 0 336 515 480 609 668 745 635 889 771 623 713 645 990 841 920 989 924 889 1071 473 505 873 702 817 1108 1198 1249 909 1013 1102 1191 936 882 1190 1480 1483 1686 1849 1693 1579 1208 1150 1328 1205 1370 984 960 745 1475 1207 1413 1258 1371 1355 1258 1755 1758 1586 1623 1574 1715 1822 1790 1603 1432 2088 2306 2081 1488 2006 2293 2207 2469 2538 1780 1692 1540 1608 2322 2511 2680 1679 1542 1918 1925 1945
1637 918 964 935 1144 609 712 1422 1270 1204 769 870 756 1267 962 722 664 596 570 533 627 569 473 343 358 260 322 249 328 207 252 387 345 507 462 96 139 290 0 270 177 306 378 442 332 586 618 470 560 487 687 648 761 796 765 731 913 315 352 715 543 658 950 1040 1090 751 855 943 1033 778 724 1031 1322 1324 1527 1690 1534 1421 1050 992 1170 1047 1212 826 801 604 1317 1048 1254 1116 1230 1213 1100 1596 1616 1428 1464 1415 1557 1664 1632 1461 1273 1930 2148 1923 1346 1848 2135 2048 2310 2379 1639 1551 1399 1467 2181 2353 2522 1520 1383 1759 1766 1786
1702 869 915 885 1094 559 662 1372 1221 1154 700 801 706 1218 912 672 595 527 501 464 558 519 382 452 371 169 335 380 409 388 490 479 389 550 506 228 377 470 267 0 151 281 402 393 297 537 832 632 679 725 638 693 999 841 905 949 1022 553 590 953 781 896 1188 1278 1328 989 1093 1181 1271 1016 962 1269 1560 1562 1765 1928 1729 1545 1288 1057 1408 1178 1449 1064 1039 842 1555 1286 1492 1354 1468 1451 1338 1834 1854 1666 1702 1653 1795 1902 1869 1699 1511 2168 2386 2161 1584 2086 2372 2286 2548 2617 1877 1789 1637 1705 2419 2590 2760 1758 1621 1997 2004 2024
1591 758 804 774 984 449 552 1262 1110 1044 608 710 595 1107 802 562 503 436 410 373 467 409 312 489 455 253 397 262 284 295 397 334 244 404 360 135 283 435 174 146 0 141 263 282 172 426 707 492 534 631 527 547 856 695 759 804 911 459 496 859 688 803 1094 1184 1234 895 999 1088 1177 922 868 1176 1466 1468 1672 1834 1618 1434 1194 946 1314 1068 1356 970 945 748 1461 1193 1399 1261 1374 1358 1244 1741 1760 1573 1608 1560 1701 1808 1776 1606 1418 2074 2292 2067 1491 1992 2279 2193 2455 2524 1783 1695 1543 1611 2325 2497 2666 1664 1528 1904 1911 1931
1615 781 827 798 1007 472 575 1285 1133 1067 634 736 619 1130 825 585 529 462 436 399 493 399 301 618 536 392 445 296 261 369 517 297 205 363 319 264 412 564 303 275 140 0 135 230 78 385 671 456 495 596 550 508 817 656 721 765 934 588 617 988 817 767 1058 1148 1276 1025 1129 1217 1306 1051 998 1305 1596 1598 1801 1933 1641 1457 1323 970 1278 1091 1485 934 1075 878 1590 1322 1528 1390 1504 1487 1373 1870 1890 1702 1738 1689 1830 1937 1905 1735 1547 2203 2421 2196 1620 2122 2408 2322 2584 2653 1913 1824 1672 1740 2454 2626 2795 1794 1657 2018 2025 2044
1538 705 751 721 930 395 498 1208 1055 988 643 673 540 1052 746 506 645 578 551 514 608 425 411 690 651 482 560 273 207 346 477 201 99 247 203 327 466 622 375 397 263 129 0 141 188 258 574 358 389 490 473 402 711 551 615 659 858 644 594 967 795 661 953 1043 1170 1003 1107 1195 1285 1030 976 1283 1574 1500 1703 1827 1537 1380 1225 893 1172 1014 1463 829 1053 931 1569 1300 1506 1446 1544 1543 1352 1848 1885 1680 1716 1667 1809 1916 1883 1730 1525 2182 2400 2175 1676 2100 2386 2300 2562 2631 1969 1880 1728 1796 2511 2604 2774 1772 1635 1912 1919 1939
1553 722 764 721 941 412 515 1225 1072 993 552 672 555 1055 757 523 572 478 510 473 567 300 413 688 590 514 499 387 321 460 591 315 211 337 293 425 573 725 464 393 304 224 137 0 166 175 629 471 499 604 490 517 825 665 729 773 875 749 708 1081 909 775 1067 1157 1284 1117 1221 1309 1399 1144 1090 1397 1688 1612 1815 1912 1507 1390 1339 910 1263 1031 1577 943 1167 1039 1683 1414 1620 1551 1659 1648 1466 1962 1999 1794 1830 1781 1923 2030 1998 1844 1639 2296 2514 2289 1779 2214 2500 2414 2676 2745 2043 1983 1741 1894 2551 2718 2748 1886 1749 1978 2012 1990
1549 718 761 718 938 408 512 1221 1070 991 582 685 553 1053 755 522 486 419 392 355 449 350 252 644 552 409 461 348 314 422 552 350 258 416 372 290 438 590 329 293 169 72 185 158 0 314 665 507 543 648 487 561 869 709 773 818 871 614 651 1014 843 820 1111 1201 1328 1050 1154 1243 1332 1077 1023 1331 1621 1622 1825 1928 1504 1386 1349 906 1307 1028 1511 987 1100 903 1616 1348 1554 1416 1529 1513 1399 1896 1915 1728 1763 1715 1856 1963 1931 1761 1573 2229 2447 2222 1644 2147 2434 2348 2610 2679 1908 1848 1606 1758 2416 2652 2681 1819 1683 1994 2028 2006
1425 594 637 593 814 284 387 1097 944 865 523 559 427 927 629 396 568 474 574 537 631 297 556 831 733 657 642 503 438 576 707 432 328 437 376 558 697 853 606 537 447 378 254 167 313 0 746 587 615 720 363 633 941 781 845 828 747 875 824 1197 1026 891 1183 1256 1383 1233 1337 1426 1515 1260 1206 1514 1804 1593 1719 1804 1379 1262 1438 782 1248 903 1694 1059 1283 1162 1799 1531 1737 1676 1775 1773 1582 2079 2116 1911 1946 1898 2039 2146 2114 1961 1756 2412 2630 2405 1905 2330 2617 2531 2793 2862 2169 2109 1867 2019 2676 2835 2864 2002 1866 1870 1904 1881
1505 1081 1296 1267 1397 941 1044 1493 1407 1523 1189 1218 1086 1597 1292 1052 1102 1035 1008 971 1065 972 911 860 904 805 868 487 468 457 377 381 470 514 561 606 515 726 615 814 707 665 571 688 724 804 0 301 362 296 1019 578 710 726 709 679 861 666 493 638 555 431 759 849 968 644 866 908 1044 789 735 1043 1333 1306 1509 1633 1343 1229 1032 916 979 855 1223 635 775 865 1301 1022 1228 1175 1267 1335 1098 1608 1607 1440 1476 1427 1568 1675 1643 1452 1285 1941 2159 1934 1467 1859 2146 2060 2322 2391 1760 1672 1520 1588 2302 2364 2533 1532 1395 1718 1725 1745
1477 973 1081 1051 1260 725 828 1385 1299 1319 974 1003 870 1382 1077 837 887 819 793 756 850 756 696 712 756 657 720 324 253 309 229 165 254 299 346 455 367 578 467 613 491 449 355 472 508 588 242 0 125 284 804 335 601 483 547 571 753 519 345 745 574 455 746 837 964 778 885 974 1063 808 754 1062 1352 1294 1497 1621 1331 1217 1019 832 966 843 1242 623 832 717 1347 1079 1285 1231 1323 1391 1130 1627 1664 1459 1495 1446 1587 1694 1662 1509 1304 1960 2178 1953 1524 1878 2165 2079 2341 2410 1817 1728 1576 1644 2359 2383 2552 1551 1414 1706 1713 1733
1430 925 1112 1082 1242 756 859 1337 1251 1349 1004 1034 901 1413 1107 867 929 861 835 798 892 787 738 795 846 738 810 429 363 398 319 275 283 320 367 548 457 668 557 674 533 489 386 503 547 619 304 124 0 236 835 282 554 430 494 524 705 601 434 812 664 408 699 789 916 817 975 970 1153 898 844 1152 1442 1246 1449 1573 1283 1170 972 784 919 796 1332 575 921 807 1437 1169 1375 1321 1413 1481 1220 1716 1753 1549 1584 1536 1677 1784 1752 1598 1393 2050 2268 2043 1614 1968 2255 2169 2431 2499 1906 1818 1666 1734 2448 2473 2642 1640 1504 1658 1665 1685
1177 832 1168 1204 1148 887 990 1244 1158 1273 1136 1165 1032 1497 1239 999 1062 999 991 943 1032 921 885 738 797 698 761 576 502 535 425 435 423 465 506 557 476 670 511 749 655 626 520 634 679 751 326 314 267 0 966 332 460 481 382 430 612 545 439 650 567 246 431 521 649 656 836 719 929 801 747 1055 1346 978 1182 1306 1016 902 704 625 651 546 1113 355 787 765 1288 1034 1240 1187 1279 1347 1071 1608 1619 1448 1488 1439 1580 1687 1655 1464 1297 1953 2171 1946 1480 1871 2158 2072 2334 2403 1772 1684 1532 1600 2314 2376 2545 1544 1407 1391 1398 1417
1369 538 581 537 758 167 314 1041 935 947 642 677 545 1018 731 423 742 659 761 724 818 506 664 938 841 765 749 745 680 819 938 674 570 574 504 676 824 976 715 644 555 578 496 510 507 383 988 830 858 963 0 875 888 1023 912 772 691 1000 1037 1384 1163 1042 1353 1200 1327 1397 1519 1403 1607 1463 1409 1717 2007 1537 1663 1748 1323 1206 1382 726 1193 847 1791 1168 1439 1289 1966 1734 1940 1802 1915 1899 1750 2282 2301 2114 2149 2101 2242 2349 2317 2147 1957 2615 2833 2495 2030 2533 2820 2734 2996 3030 2294 2234 1992 2144 2802 2976 3067 2199 2044 1814 1848 1825
1385 851 1122 1079 1194 716 863 1295 1209 1319 1009 1044 912 1413 1115 872 942 875 848 812 906 801 751 862 920 751 859 467 381 480 522 305 299 340 386 597 587 748 632 688 547 502 400 508 558 627 519 334 277 302 833 0 501 193 291 450 650 668 562 863 678 382 765 855 982 883 1055 1036 1233 978 924 1231 1522 1310 1513 1610 1275 1222 1038 742 961 862 1411 641 953 889 1517 1248 1454 1401 1492 1560 1300 1796 1833 1628 1664 1615 1757 1864 1831 1678 1471 2130 2348 2009 1692 2048 2334 2248 2510 2544 1956 1896 1654 1806 2463 2491 2582 1713 1559 1676 1710 1688
1112 572 945 953 924 841 823 1036 964 1050 1248 1277 1145 1274 1143 931 1280 1217 1210 1161 1250 1105 1103 1005 1063 964 1027 806 720 801 692 653 642 683 724 823 743 936 778 1015 883 844 738 852 897 969 731 588 541 482 949 529 0 502 243 190 282 812 705 1027 886 622 881 948 1070 1060 1201 1151 1358 1125 1114 1387 1675 1283 1405 1518 1139 954 1170 487 957 606 1540 793 1144 1032 1660 1391 1597 1544 1636 1704 1461 1939 1977 1774 1811 1770 1902 2011 1992 1827 1616 2273 2516 2266 1836 2191 2478 2410 2658 2722 2129 2041 1889 1957 2671 2696 2865 1863 1726 1603 1610 1630
1360 824 1193 1228 1172 953 1056 1284 1212 1298 1201 1231 1098 1522 1304 1064 1128 1065 1057 1009 1098 986 950 1045 1104 935 1043 654 568 669 713 501 489 530 572 786 783 976 818 876 731 692 586 700 744 816 761 519 465 516 1031 228 475 0 270 442 630 852 746 1061 927 657 910 995 1117 1094 1241 1193 1405 1165 1155 1428 1716 1445 1648 1766 1387 1202 1217 735 1118 854 1587 822 1184 1072 1700 1432 1638 1584 1676 1744 1502 1980 2018 1814 1852 1810 1942 2051 2032 1867 1657 2313 2556 2306 1877 2231 2518 2451 2699 2763 2170 2081 1929 1997 2711 2736 2905 1903 1767 1851 1858 1878
1101 565 933 969 913 854 836 1025 953 1038 1236 1265 1133 1262 1157 944 1162 1099 1091 1043 1132 1021 985 972 1030 932 994 688 602 703 659 535 523 565 606 790 710 903 745 910 765 726 620 734 779 851 698 553 499 387 962 297 215 235 0 182 371 779 673 994 854 590 776 862 984 1027 1168 1060 1272 1092 1082 1354 1642 1272 1394 1506 1127 943 1084 475 946 595 1454 688 1111 999 1622 1359 1565 1511 1603 1671 1423 1906 1945 1741 1779 1737 1869 1978 1959 1794 1583 2240 2483 2233 1804 2158 2445 2377 2625 2689 2096 2008 1856 1924 2638 2663 2832 1830 1693 1591 1598 1618
1050 438 864 842 843 733 714 1001 928 1014 1140 1169 1036 1238 1035 823 1220 1155 1149 1101 1190 996 1043 951 1009 910 973 746 660 747 637 593 581 623 664 769 689 882 724 961 823 784 678 792 836 879 677 534 487 427 841 468 162 406 177 0 247 757 651 973 832 568 851 885 1007 1006 1146 1089 1295 1071 1060 1333 1621 1220 1342 1455 1076 892 1107 424 894 543 1477 763 1090 978 1606 1337 1543 1490 1582 1650 1407 1885 1923 1720 1757 1715 1848 1956 1938 1773 1562 2219 2462 2212 1782 2137 2423 2356 2604 2668 2075 1987 1835 1903 2617 2641 2811 1809 1672 1540 1547 1567
933 530 747 727 726 616 597 945 892 977 1023 1052 919 1126 918 706 1116 1038 1158 1110 1199 879 1051 1134 1193 1094 1121 935 849 930 821 781 770 811 853 953 872 1065 907 1021 930 956 867 889 880 762 860 718 670 611 724 657 246 595 366 228 0 941 835 1156 1016 752 926 768 890 986 1083 972 1178 1068 1179 1331 1619 1104 1225 1338 959 775 990 307 777 426 1360 776 1274 1161 1527 1521 1602 1673 1765 1833 1329 1847 1870 1690 1755 1713 1845 1954 1936 1725 1560 2217 2460 2210 1789 2135 2421 2354 2602 2666 2166 2122 1983 1995 2678 2639 2809 1807 1670 1423 1430 1450
1624 1122 1243 1200 1420 837 984 1534 1449 1473 1041 1149 1035 1535 1238 994 946 878 852 815 909 851 754 523 593 501 559 406 484 363 360 543 555 715 694 343 268 428 312 532 459 582 642 716 611 862 602 512 596 477 954 668 751 821 755 721 902 0 277 613 392 557 940 1030 1005 665 769 858 947 692 638 946 1236 1237 1440 1576 1450 1403 964 981 1136 1036 1126 816 570 374 1197 921 1164 895 1011 1060 1014 1489 1470 1298 1378 1330 1471 1578 1546 1315 1186 1817 2062 1724 1198 1728 2032 1963 2225 2259 1463 1402 1161 1313 1970 2205 2296 1428 1273 1626 1660 1637
1524 1021 1280 1237 1332 874 1021 1433 1348 1458 1079 1187 1072 1573 1275 1032 983 915 889 852 946 888 792 577 631 538 596 338 416 262 235 425 487 559 605 376 211 460 349 569 496 608 588 697 648 815 434 343 428 376 991 568 650 720 654 620 802 196 0 462 241 456 839 923 853 514 618 706 796 541 487 794 1085 1085 1289 1424 1328 1282 813 881 1035 935 975 715 516 450 1045 770 1012 942 1036 1116 863 1359 1396 1191 1227 1178 1320 1427 1395 1241 1034 1666 1911 1572 1255 1577 1881 1811 2073 2107 1519 1459 1217 1369 2026 2054 2145 1276 1122 1474 1509 1486
1525 1377 1652 1608 1688 1299 1402 1789 1703 1814 1450 1558 1444 1944 1646 1412 1354 1287 1260 1224 1318 1259 1163 951 1009 910 973 728 805 651 604 837 877 971 1016 751 601 837 721 941 867 991 978 1086 1020 1204 580 756 805 628 1378 878 1006 1026 1000 975 1157 646 490 0 306 403 957 817 752 424 581 606 758 440 386 757 1048 1048 1251 1387 1291 1245 776 1023 1049 962 937 833 288 575 772 530 736 688 774 848 568 1091 1113 931 1008 1075 1182 1323 1193 959 979 1494 1712 1373 979 1490 1712 1612 1874 1957 1243 1183 941 1093 1750 1855 1946 1239 1084 1437 1471 1449
1255 1285 1547 1503 1567 1194 1297 1668 1582 1692 1345 1453 1339 1839 1541 1307 1249 1182 1155 1118 1212 1154 1058 845 904 805 868 623 700 546 499 732 772 866 911 646 496 731 615 836 762 886 872 981 915 1099 555 650 735 603 1273 835 914 983 918 883 1065 540 384 333 0 378 893 615 546 207 311 399 488 233 180 487 778 778 981 1117 1021 974 506 821 779 761 667 712 491 718 772 738 847 890 982 1050 556 1052 1099 884 920 871 1013 1119 1087 964 727 1386 1603 1265 970 1304 1590 1504 1766 1835 1304 1289 1093 1156 1783 1746 1838 969 814 1167 1201 1179
1296 972 1306 1335 1283 1028 1131 1385 1299 1409 1267 1303 1171 1625 1373 1140 1201 1133 1107 1070 1164 1059 1010 879 938 839 902 704 640 628 559 564 557 598 645 680 577 765 649 869 796 761 658 767 817 885 373 454 401 224 1107 473 601 621 596 571 753 622 466 389 255 0 552 643 627 409 632 578 809 554 501 808 1099 1097 1301 1398 1062 1016 825 710 749 649 988 429 540 754 1066 788 994 940 1032 1100 863 1373 1372 1205 1241 1192 1334 1440 1408 1218 1048 1707 1924 1586 1231 1625 1911 1825 2087 2156 1495 1435 1193 1345 2003 2067 2159 1290 1135 1464 1498 1475
1171 1196 1354 1389 1333 1274 1256 1445 1373 1458 1580 1609 1477 1683 1577 1364 1507 1443 1436 1387 1476 1365 1329 1182 1241 1142 1205 1020 947 979 869 879 868 909 950 1001 921 1114 955 1193 1100 1070 964 1078 1123 1195 770 758 711 443 1382 777 854 874 771 833 919 989 883 969 885 564 0 523 644 726 832 720 933 808 933 1086 1374 972 1175 1299 1009 896 745 619 645 539 1114 349 1106 1209 1282 1353 1357 1505 1577 1637 1084 1602 1625 1444 1510 1468 1600 1709 1690 1480 1314 1971 2214 1964 1544 1889 2176 2108 2357 2421 1921 1877 1737 1750 2433 2394 2563 1561 1425 1384 1391 1411
927 1038 1196 1232 1175 1116 1098 1287 1215 1301 1523 1552 1420 1525 1419 1206 1592 1529 1522 1473 1562 1380 1415 1268 1327 1228 1291 1106 1032 1065 955 965 954 995 1036 1087 1007 1200 1041 1279 1186 1156 1050 1164 1209 1262 856 844 797 529 1224 863 940 960 857 866 761 1075 926 824 812 650 511 0 255 444 451 337 547 526 547 700 988 586 789 952 765 651 358 461 407 382 728 373 970 1257 896 1032 971 1308 1191 1251 698 1216 1239 1058 1124 1082 1214 1323 1304 1094 928 1585 1828 1578 1158 1503 1790 1722 1971 2034 1535 1490 1351 1364 2047 2008 2177 1175 1039 1021 1028 1048
899 1159 1317 1353 1297 1238 1220 1409 1336 1422 1645 1674 1542 1646 1540 1328 1714 1651 1643 1595 1684 1502 1536 1316 1375 1276 1339 1096 1154 1021 977 1086 1075 1116 1158 1135 968 1247 1089 1327 1233 1278 1172 1286 1330 1384 970 966 918 651 1346 984 1062 1082 979 988 883 1011 855 755 741 629 633 248 0 388 368 171 463 436 464 616 904 533 736 899 731 624 306 582 444 503 670 495 886 1173 812 948 887 1225 1108 1168 614 1132 1155 975 1040 998 1130 1239 1221 1010 845 1502 1745 1495 1074 1420 1706 1639 1887 1951 1451 1407 1268 1280 1963 1924 2094 1092 955 968 975 995
1229 1255 1413 1449 1393 1334 1315 1504 1432 1518 1506 1608 1493 1742 1636 1424 1404 1340 1333 1284 1373 1309 1226 998 1056 957 1020 778 853 702 658 885 931 1025 1065 816 649 929 771 1008 915 1044 1027 1141 1070 1258 671 804 845 683 1425 911 1038 1059 1033 1008 978 693 537 452 423 436 714 436 386 0 287 300 528 222 367 652 940 773 976 1139 1063 954 545 678 703 599 734 581 643 870 874 890 949 1043 1134 1202 676 1194 1217 1036 1076 1034 1166 1275 1257 1072 881 1538 1781 1531 1124 1456 1742 1675 1923 1987 1487 1443 1304 1316 1999 1960 2130 1128 991 1208 1215 1235
1065 1352 1510 1546 1490 1425 1412 1602 1529 1615 1585 1686 1572 1839 1733 1521 1482 1419 1411 1363 1452 1387 1305 1076 1135 1036 1099 856 932 781 737 964 1010 1104 1144 895 728 1007 849 1087 993 1123 1106 1220 1148 1336 844 882 972 839 1503 1066 1144 1214 1149 1114 1075 771 615 583 501 609 821 444 366 259 0 239 307 215 214 459 747 588 791 954 890 790 360 775 610 696 514 687 721 949 653 789 728 1066 949 1009 455 973 996 816 883 841 973 1082 1063 851 688 1344 1587 1337 915 1262 1549 1482 1730 1794 1294 1250 1110 1123 1806 1767 1936 935 798 1023 1030 1050
978 1241 1399 1435 1379 1320 1301 1490 1418 1504 1684 1756 1623 1728 1622 1410 1581 1518 1510 1462 1551 1486 1404 1175 1234 1135 1198 955 1031 880 836 1063 1109 1176 1218 994 827 1106 948 1186 1092 1222 1205 1319 1247 1435 916 981 978 726 1428 1044 1138 1158 1055 1070 964 870 714 614 600 586 709 329 169 273 236 0 334 272 335 487 775 575 778 941 810 702 347 664 523 585 541 575 757 1044 683 819 758 1096 979 1039 485 1003 1026 846 911 869 1001 1110 1092 881 716 1373 1616 1366 945 1291 1577 1510 1758 1822 1322 1278 1139 1151 1834 1795 1965 963 826 1010 1017 1037
1160 1448 1606 1642 1585 1526 1508 1697 1625 1711 1776 1878 1763 1935 1829 1616 1673 1610 1603 1554 1643 1578 1496 1267 1326 1227 1290 1048 1123 972 928 1155 1201 1295 1335 1086 919 1199 1040 1278 1184 1314 1297 1411 1339 1527 1035 1073 1163 939 1634 1257 1336 1370 1267 1276 1171 962 806 774 692 800 921 539 461 501 305 326 0 450 406 319 609 683 886 1049 986 885 455 871 706 792 225 783 825 1112 751 887 826 1164 1012 1058 446 947 996 782 819 778 910 1019 1000 906 624 1281 1524 1274 867 1199 1485 1418 1666 1730 1230 1186 1047 1060 1743 1703 1873 871 734 1117 1125 1145
1186 1337 1495 1531 1475 1354 1397 1586 1514 1600 1514 1616 1501 1824 1707 1467 1412 1349 1341 1292 1381 1317 1234 1006 1064 965 1028 786 861 710 666 893 939 1033 1073 824 657 937 779 1016 923 1052 1035 1149 1078 1266 773 812 902 785 1433 996 1074 1144 1078 1044 1060 701 545 444 431 538 796 518 434 194 213 264 440 0 200 489 777 709 912 1075 1011 911 481 760 731 681 656 662 651 878 761 892 836 1051 1057 1117 563 1041 1089 876 913 871 1003 1112 1093 959 718 1374 1617 1367 961 1292 1579 1512 1760 1824 1324 1280 1140 1153 1836 1797 1966 965 828 1144 1151 1171
1161 1435 1606 1642 1586 1344 1447 1698 1625 1711 1504 1606 1491 1935 1697 1457 1402 1338 1331 1282 1371 1306 1224 995 1054 955 1018 776 851 700 656 883 929 1023 1063 814 647 927 768 1006 913 1042 1025 1139 1067 1256 763 802 891 775 1423 985 1064 1133 1068 1033 1171 690 534 434 420 528 922 540 462 339 212 327 396 195 0 442 730 684 887 1050 986 886 456 871 706 792 612 784 578 865 670 691 732 916 935 1025 485 989 1013 828 866 824 956 1065 1046 868 670 1327 1570 1320 913 1245 1532 1464 1713 1776 1277 1232 1093 1106 1789 1750 1919 917 781 1119 1126 1146
1303 1590 1748 1784 1728 1605 1650 1839 1767 1853 1765 1867 1752 2077 1958 1719 1663 1600 1592 1544 1632 1568 1485 1257 1315 1216 1279 1037 1112 961 917 1144 1190 1284 1324 1075 908 1188 1030 1267 1174 1303 1286 1401 1329 1517 1024 1063 1153 1036 1684 1247 1325 1395 1329 1295 1313 952 796 763 682 789 1063 681 604 613 447 469 293 476 402 0 300 734 995 1158 1103 1027 551 1013 848 934 262 925 892 1129 571 861 800 963 801 847 620 735 784 570 608 566 698 807 788 694 412 1069 1287 1062 655 922 1241 1188 1450 1486 1019 974 835 848 1531 1492 1661 599 522 949 1122 1142
1592 1879 2037 2073 2017 1895 1940 2129 2056 2142 2055 2156 2042 2366 2248 2008 1952 1889 1881 1833 1922 1857 1775 1546 1605 1506 1569 1326 1402 1251 1207 1434 1480 1574 1613 1365 1198 1477 1319 1557 1463 1593 1576 1690 1618 1806 1314 1352 1442 1326 1973 1536 1614 1684 1619 1584 1603 1241 1085 1053 971 1079 1353 971 893 903 736 758 582 765 692 283 0 1028 990 998 1284 1317 841 1302 1137 1223 556 1215 1181 1419 780 1064 986 1140 978 1024 821 923 961 747 795 753 886 971 976 871 600 1257 1475 1250 832 795 1114 1375 1484 1359 1195 1151 1012 1025 1708 1679 1849 445 308 854 939 959
659 1373 1528 1556 1505 1452 1433 1606 1520 1636 1858 1888 1755 1860 1754 1541 1949 1867 1855 1818 1912 1714 1758 1545 1604 1505 1568 1323 1400 1246 1199 1402 1396 1437 1484 1346 1196 1431 1315 1536 1462 1586 1497 1614 1617 1598 1247 1292 1239 962 1560 1312 1289 1410 1281 1202 1096 1240 1085 1052 970 1078 960 579 531 745 585 567 662 703 652 721 1018 0 260 423 395 398 254 760 568 813 487 775 1106 1393 1032 1168 1107 1445 1328 1388 815 1352 1374 1192 1241 1192 1334 1440 1408 1224 1050 1707 1925 1699 1258 1625 1911 1825 2087 2156 1626 1610 1414 1478 2104 2129 2159 1297 1160 492 499 519
663 1495 1650 1678 1627 1574 1555 1728 1642 1758 1980 2009 1877 1982 1876 1663 2071 1989 2058 2021 2116 1836 1961 1748 1807 1708 1771 1526 1603 1449 1402 1605 1599 1640 1687 1549 1399 1635 1519 1739 1665 1789 1700 1817 1821 1719 1450 1495 1442 1165 1681 1515 1411 1613 1403 1323 1218 1444 1288 1255 1174 1281 1164 782 734 948 788 770 876 907 855 982 979 255 0 162 328 509 457 881 690 938 748 978 1309 1596 1235 1371 1310 1648 1531 1591 1019 1555 1577 1395 1459 1410 1552 1658 1626 1427 1268 1925 2143 1917 1462 1728 2047 2043 2305 2138 1844 1828 1632 1696 2322 2347 2377 1377 1237 231 238 258
775 1607 1762 1791 1739 1686 1667 1841 1755 1870 2093 2122 1990 2094 1988 1776 2184 2102 2203 2166 2260 1948 2106 1911 1970 1871 1934 1689 1766 1612 1565 1729 1723 1764 1811 1712 1562 1797 1681 1902 1828 1926 1824 1941 1951 1832 1575 1620 1567 1290 1794 1639 1524 1737 1516 1436 1330 1606 1450 1418 1336 1427 1288 945 897 1111 951 933 1039 1069 1018 1145 988 418 127 0 441 621 620 994 803 1051 911 1102 1472 1759 1398 1534 1473 1811 1694 1754 1181 1718 1740 1558 1622 1573 1714 1821 1789 1590 1431 2087 2305 2080 1624 1736 2055 2206 2361 2146 2006 1991 1795 1858 2484 2510 2539 1386 1245 239 246 266
334 1228 1383 1412 1360 1307 1288 1462 1376 1491 1714 1743 1611 1715 1609 1397 1805 1723 1824 1787 1881 1569 1727 1755 1813 1715 1777 1590 1515 1547 1434 1439 1433 1474 1521 1556 1481 1641 1525 1707 1618 1636 1534 1581 1572 1453 1285 1330 1277 1000 1415 1349 1145 1366 1137 1057 951 1543 1387 1355 1273 1137 998 757 729 1036 888 802 975 1006 955 1090 1274 390 327 412 0 210 556 615 480 680 856 812 1408 1696 1335 1470 1410 1747 1630 1690 1118 1654 1676 1494 1558 1509 1651 1758 1726 1527 1367 2024 2242 2017 1561 1942 2228 2142 2404 2433 1943 1927 1731 1795 2421 2446 2476 1614 1477 526 533 553
298 1044 1199 1228 1176 1123 1104 1277 1191 1307 1530 1559 1426 1531 1425 1213 1621 1538 1640 1603 1697 1385 1543 1641 1700 1601 1628 1476 1402 1434 1321 1326 1319 1360 1407 1442 1367 1527 1411 1523 1434 1456 1375 1396 1387 1269 1171 1216 1163 886 1231 1236 961 1182 952 873 767 1442 1287 1254 1172 1023 884 644 622 926 787 694 875 905 854 1025 1316 393 507 592 135 0 559 431 344 495 859 698 1308 1595 1234 1370 1309 1647 1530 1590 1017 1554 1576 1394 1458 1409 1551 1657 1625 1426 1267 1924 2141 1916 1461 1842 2128 2042 2304 2373 1842 1827 1631 1694 2321 2346 2376 1514 1377 706 713 733
825 1259 1418 1453 1397 1338 1320 1509 1437 1522 1745 1774 1642 1746 1641 1428 1724 1661 1653 1605 1693 1602 1546 1318 1376 1278 1340 1098 1173 1023 978 1187 1175 1217 1258 1136 969 1249 1091 1328 1235 1364 1272 1386 1390 1484 1078 1066 1018 751 1446 1084 1162 1182 1079 1088 983 1013 857 825 743 851 733 351 303 518 358 339 445 476 425 608 896 256 459 622 558 561 0 682 517 603 463 595 878 1166 805 940 880 1217 1100 1160 606 1124 1147 967 1032 990 1123 1231 1213 1003 837 1494 1737 1487 1066 1412 1698 1631 1879 1943 1443 1399 1260 1273 1956 1916 2086 1084 947 691 698 718
713 576 734 770 714 655 636 809 724 839 1062 1091 959 1063 957 745 1155 1077 1197 1149 1238 918 1090 1242 1251 1176 1160 1050 964 1038 929 897 885 927 968 1061 980 1173 1015 1060 969 995 912 929 919 801 952 826 778 609 763 776 493 714 484 405 299 1049 943 1059 1046 746 607 453 580 651 773 656 860 755 840 1011 1301 796 918 1030 651 467 636 0 470 119 1044 469 1266 1269 1220 1356 1295 1632 1515 1575 1003 1540 1561 1379 1443 1395 1536 1643 1611 1412 1252 1909 2127 1902 1482 1827 2114 2028 2290 2358 1859 1814 1675 1688 2371 2332 2501 1499 1363 1115 1122 1142
639 1047 1201 1230 1179 1125 1107 1280 1194 1309 1532 1561 1429 1534 1428 1215 1623 1541 1618 1581 1675 1387 1521 1390 1449 1350 1413 1225 1151 1183 1070 1075 1068 1109 1156 1191 1116 1277 1160 1381 1307 1272 1170 1286 1331 1271 920 965 912 635 1233 985 963 1082 955 875 770 1197 1091 1075 993 772 633 399 442 675 608 515 695 726 675 845 1136 563 689 774 405 337 471 433 0 363 879 447 1128 1416 1055 1191 1130 1467 1350 1410 838 1374 1396 1214 1278 1229 1371 1478 1446 1247 1087 1744 1962 1737 1281 1662 1949 1862 2124 2193 1663 1647 1451 1515 2141 2167 2196 1334 1197 888 895 915
814 696 854 889 833 774 756 929 843 958 1181 1210 1078 1183 1077 864 1274 1196 1317 1268 1357 1038 1210 1285 1343 1245 1280 1123 1049 1081 972 981 970 1011 1053 1103 1023 1216 1058 1180 1088 1114 1031 1048 1039 920 873 861 813 530 882 879 612 833 604 524 419 1092 986 980 967 667 528 374 501 572 694 577 781 676 761 931 1222 824 946 1058 697 513 557 82 371 0 965 390 1187 1312 1141 1277 1216 1553 1436 1496 924 1460 1482 1300 1364 1315 1457 1564 1532 1333 1173 1830 2048 1823 1403 1748 2035 1948 2210 2279 1779 1735 1596 1609 2292 2253 2422 1420 1283 1143 1150 1170
1131 1629 1787 1823 1767 1708 1689 1878 1806 1892 1939 2040 1926 2116 2010 1798 1836 1773 1765 1717 1806 1741 1659 1430 1489 1390 1453 1210 1286 1135 1091 1318 1364 1458 1498 1249 1082 1361 1203 1441 1347 1477 1460 1574 1502 1690 1198 1236 1326 1120 1816 1420 1498 1552 1448 1458 1352 1125 969 937 855 963 1102 721 668 707 511 533 198 649 576 270 564 495 756 919 864 867 416 1052 887 973 0 964 1004 1292 745 1034 973 1136 974 1020 625 909 957 744 781 739 871 980 961 867 586 1243 1485 1235 829 1161 1447 1380 1628 1692 1192 1148 1008 1021 1704 1665 1834 833 696 942 995 1015
1021 1046 1204 1240 1183 1124 1106 1279 1193 1309 1492 1521 1389 1533 1427 1214 1419 1355 1348 1299 1388 1277 1241 1094 1153 1054 1117 932 859 891 781 791 780 821 862 913 833 1026 867 1105 1012 982 876 990 1035 1107 682 670 623 339 1232 689 766 786 683 745 769 901 795 881 797 476 337 365 493 553 685 567 773 657 752 923 1213 822 1025 1150 860 746 548 432 495 372 956 0 1018 1121 1132 1265 1207 1417 1427 1487 915 1452 1474 1292 1356 1307 1448 1555 1523 1324 1165 1821 2039 1814 1394 1739 2026 1940 2202 2271 1771 1727 1587 1600 2283 2244 2413 1412 1275 1234 1241 1261
1581 1477 1738 1695 1787 1386 1489 1889 1803 1913 1537 1644 1530 2030 1733 1499 1441 1373 1347 1310 1404 1346 1250 1015 1093 997 1057 814 892 738 690 924 963 1057 1102 838 687 921 807 1027 954 1077 1064 1173 1106 1291 717 842 926 765 1464 1015 1105 1163 1109 1075 1257 601 576 272 327 521 1094 962 884 600 704 749 815 626 530 880 1171 1104 1308 1443 1347 1301 832 1214 1105 1154 996 970 0 286 645 367 573 399 513 558 441 964 952 789 881 948 1055 1196 1050 797 852 1350 1568 1230 690 1346 1568 1469 1731 1813 954 894 652 804 1461 1711 1802 1305 1151 1493 1527 1505
1854 1352 1532 1489 1663 1126 1273 1764 1678 1763 1331 1439 1324 1825 1527 1284 1235 1167 1141 1104 1198 1140 1044 789 865 790 830 676 753 599 566 787 825 931 964 632 549 700 601 821 748 871 926 1005 901 1151 806 716 800 707 1244 898 981 1051 985 951 1132 300 448 559 570 734 1170 1249 1171 843 947 1035 1102 870 816 1123 1414 1392 1595 1730 1634 1588 1119 1211 1366 1266 1284 1046 256 0 897 612 855 556 672 730 729 1159 1140 968 1120 1182 1250 1385 1238 985 1139 1511 1756 1418 868 1486 1740 1657 1919 1966 1132 1072 830 983 1640 1899 1990 1544 1389 1780 1815 1792
1507 1797 1952 1980 1929 1822 1847 2030 1944 2055 2038 2146 2031 2270 2172 1958 1942 1874 1848 1811 1905 1847 1751 1534 1590 1497 1555 1315 1393 1239 1191 1425 1464 1558 1603 1339 1188 1424 1308 1528 1455 1578 1565 1674 1607 1792 1243 1343 1427 1272 1950 1524 1606 1676 1611 1576 1520 1233 1077 756 853 1047 1270 888 810 846 651 676 739 757 622 539 769 1031 1234 1369 1273 1227 758 1184 1031 1123 719 1084 597 932 0 358 297 668 518 578 369 401 423 217 244 357 492 607 503 283 314 777 1022 683 317 752 1005 922 1184 1231 726 710 514 578 1204 1164 1256 824 669 1372 1454 1431
1643 1724 1985 1942 2035 1579 1726 2136 2050 2161 1784 1892 1777 2278 1980 1737 1688 1620 1594 1557 1651 1593 1497 1280 1336 1243 1301 1061 1139 985 938 1171 1210 1304 1350 1085 934 1170 1054 1274 1201 1324 1311 1420 1353 1538 964 1089 1173 1012 1696 1258 1352 1410 1357 1322 1504 968 823 514 574 768 1341 1024 946 847 787 811 877 874 644 829 1059 1166 1370 1505 1409 1363 894 1319 1167 1259 1009 1217 319 654 324 0 205 309 328 504 505 635 584 475 595 680 722 830 682 429 603 956 1200 862 463 931 1184 1101 1363 1410 864 840 598 716 1342 1343 1435 1113 958 1555 1589 1567
1582 1872 2027 2055 2004 1785 1922 2105 2019 2130 1990 2098 1983 2345 2186 1943 1894 1826 1800 1763 1857 1799 1703 1482 1467 1449 1507 1267 1345 1191 1144 1377 1416 1510 1556 1291 1140 1376 1260 1480 1407 1530 1517 1626 1559 1744 1170 1295 1379 1218 1902 1464 1558 1616 1563 1528 1595 1174 1029 720 780 974 1345 963 885 921 726 751 816 832 685 768 998 1106 1309 1444 1348 1302 833 1259 1106 1198 948 1159 525 860 263 139 0 503 332 392 444 552 501 392 534 597 639 747 599 346 542 873 1117 779 367 848 1101 1018 1280 1327 704 688 486 556 1182 1260 1352 1045 890 1494 1529 1506
1920 1876 2045 2001 2187 1638 1785 2288 2203 2275 1843 1951 1837 2337 2039 1796 1747 1680 1653 1616 1710 1652 1556 1302 1376 1302 1343 1208 1285 1137 1090 1323 1357 1457 1496 1144 1069 1212 1113 1333 1260 1383 1443 1517 1413 1663 1116 1242 1326 1165 1756 1410 1505 1563 1509 1475 1656 917 976 672 727 920 1494 1301 1223 999 1063 1088 1153 1026 869 977 1148 1443 1646 1782 1686 1639 1170 1596 1444 1535 1157 1370 368 577 634 267 498 0 226 371 780 809 790 618 770 832 900 1035 888 635 829 1161 1406 1068 518 1136 1390 1307 1569 1616 766 706 464 617 1274 1549 1640 1194 1039 1809 1866 1843
1803 1968 2158 2115 2224 1752 1899 2326 2240 2350 1957 2065 1950 2451 2153 1910 1861 1793 1767 1730 1824 1766 1670 1415 1407 1416 1456 1306 1383 1229 1182 1415 1455 1548 1594 1258 1179 1326 1227 1447 1374 1497 1555 1631 1526 1777 1208 1333 1418 1256 1869 1502 1597 1654 1601 1566 1748 1031 1067 758 818 1012 1566 1184 1106 1091 946 971 1008 1053 888 809 980 1326 1529 1665 1569 1522 1053 1479 1327 1419 989 1380 482 691 483 286 327 204 0 300 664 640 620 449 602 664 731 865 718 465 661 991 1236 898 348 966 1220 1137 1399 1446 685 635 393 537 1163 1379 1470 1026 871 1641 1749 1727
1863 2019 2141 2098 2284 1735 1882 2386 2300 2371 1940 2048 1933 2433 2136 1892 1844 1776 1750 1713 1807 1749 1653 1350 1335 1399 1410 1304 1382 1261 1253 1441 1454 1613 1593 1241 1166 1309 1210 1430 1357 1480 1540 1614 1509 1760 1279 1404 1488 1327 1852 1565 1648 1717 1652 1617 1799 1067 1138 834 889 1083 1626 1244 1166 1162 1006 1031 1054 1113 978 855 1026 1386 1589 1725 1629 1582 1113 1539 1387 1478 1035 1440 531 740 541 463 387 349 280 0 724 686 596 495 648 710 734 841 694 441 707 967 1212 874 324 942 1196 1113 1375 1422 401 341 99 251 908 1355 1279 1072 917 1687 1809 1786
1311 1599 1757 1793 1736 1677 1659 1848 1776 1862 1849 1950 1836 2086 1980 1767 1746 1683 1675 1627 1716 1651 1568 1340 1398 1300 1362 1120 1195 1045 1001 1227 1273 1368 1407 1158 992 1271 1113 1350 1257 1386 1370 1484 1412 1600 1108 1146 1236 1090 1767 1330 1408 1478 1412 1378 1322 1035 879 587 733 873 1072 690 612 648 453 477 435 559 437 612 811 834 1037 1200 1136 1036 560 1022 856 942 617 934 460 747 387 523 462 798 683 743 0 707 730 550 607 624 756 865 826 585 471 1109 1327 1102 649 1104 1328 1228 1490 1572 1055 1011 872 884 1567 1532 1701 920 784 1269 1276 1296
1829 2117 2275 2311 2254 2171 2177 2366 2294 2380 2331 2432 2318 2604 2498 2284 2228 2165 2157 2109 2198 2133 2050 1814 1804 1782 1844 1602 1678 1527 1483 1710 1756 1850 1889 1640 1474 1753 1595 1832 1739 1868 1852 1966 1894 2082 1590 1628 1718 1602 2249 1812 1890 1960 1895 1860 1840 1517 1361 1091 1238 1355 1590 1208 1130 1166 971 995 900 1041 942 700 908 1352 1555 1718 1654 1554 1078 1540 1374 1460 881 1452 964 1202 401 635 552 850 687 715 688 0 177 247 254 223 210 333 201 278 393 484 702 477 399 480 702 602 864 947 805 761 621 634 1263 906 1076 778 823 1611 1731 1804
1852 2140 2298 2334 2277 2194 2200 2389 2317 2403 2354 2455 2341 2627 2521 2307 2251 2188 2180 2132 2221 2156 2074 1757 1747 1805 1821 1650 1726 1575 1531 1758 1804 1898 1938 1664 1522 1759 1618 1856 1762 1892 1900 2014 1917 2130 1608 1676 1766 1621 2272 1848 1939 1996 1943 1908 1863 1472 1409 1115 1225 1374 1613 1231 1153 1189 994 1018 978 1100 965 778 949 1375 1578 1741 1677 1577 1101 1563 1398 1484 958 1475 953 1145 424 585 502 791 621 586 712 176 0 293 387 335 218 326 193 149 526 476 694 469 270 472 694 595 857 939 676 632 493 505 1188 899 1068 801 865 1689 1772 1837
1672 1959 2117 2153 2097 2025 2019 2208 2136 2222 2185 2286 2172 2446 2340 2128 2082 2019 2011 1963 2052 1987 1904 1624 1614 1636 1688 1456 1531 1381 1337 1563 1609 1704 1743 1494 1328 1607 1449 1686 1593 1722 1706 1820 1748 1936 1443 1482 1572 1450 2103 1666 1744 1814 1748 1714 1682 1339 1215 934 1081 1209 1432 1051 973 1009 813 838 754 895 785 554 738 1195 1398 1560 1497 1397 920 1382 1217 1303 734 1294 807 1012 220 477 394 660 498 544 531 247 292 0 178 265 340 499 366 282 331 649 867 642 346 646 867 768 1030 1112 716 671 532 545 1228 1072 1241 790 654 1465 1561 1650
1740 2027 2185 2221 2165 2043 2088 2277 2205 2290 2203 2304 2190 2514 2396 2156 2100 2037 2029 1981 2070 2005 1923 1694 1753 1654 1717 1474 1550 1399 1355 1582 1628 1722 1762 1513 1346 1625 1467 1705 1611 1741 1724 1838 1766 1954 1462 1500 1590 1474 2121 1684 1762 1832 1767 1732 1751 1389 1233 1012 1119 1227 1501 1119 1041 1051 884 906 772 913 840 573 780 1225 1466 1629 1565 1465 989 1450 1285 1371 753 1363 885 1166 248 599 538 814 652 698 604 254 386 175 0 183 312 425 372 427 265 655 873 648 491 651 873 774 1036 1118 869 825 686 699 1382 1078 1247 811 695 1483 1603 1676
1698 1986 2144 2179 2123 2001 2046 2235 2163 2248 2161 2263 2148 2473 2354 2114 2058 1995 1988 1939 2028 1963 1881 1652 1711 1612 1675 1433 1508 1357 1313 1540 1586 1680 1720 1471 1304 1584 1425 1663 1569 1699 1682 1796 1724 1912 1420 1458 1548 1432 2079 1642 1721 1790 1725 1690 1709 1347 1191 1086 1077 1185 1459 1077 999 1009 842 864 730 872 798 531 738 1183 1424 1587 1523 1423 947 1409 1243 1329 711 1321 959 1235 368 691 608 883 720 766 622 223 329 262 178 0 137 257 228 405 223 509 727 502 526 502 724 627 889 969 932 888 748 761 1288 931 1101 643 654 1441 1561 1634
1830 2118 2276 2311 2255 2133 2178 2367 2295 2380 2293 2395 2280 2605 2486 2246 2190 2127 2120 2071 2160 2095 2013 1784 1843 1744 1807 1565 1640 1489 1445 1672 1718 1812 1852 1603 1436 1716 1557 1795 1701 1831 1814 1928 1856 2044 1552 1590 1680 1564 2211 1774 1853 1922 1857 1822 1841 1479 1323 1184 1209 1317 1591 1209 1131 1141 974 996 862 1004 930 663 870 1315 1556 1719 1655 1555 1079 1541 1375 1461 843 1453 1057 1284 494 724 641 930 760 725 754 210 212 337 307 134 0 169 111 288 355 392 610 385 409 384 606 510 772 851 815 771 631 644 1171 814 984 644 786 1573 1693 1766
1939 2227 2385 2420 2364 2242 2287 2476 2404 2489 2402 2504 2389 2714 2595 2355 2299 2236 2229 2180 2269 2204 2122 1893 1952 1853 1916 1674 1749 1598 1554 1781 1827 1921 1961 1712 1545 1825 1666 1904 1810 1940 1923 2037 1965 2153 1661 1699 1789 1673 2320 1883 1962 2031 1966 1931 1950 1588 1432 1327 1318 1426 1700 1318 1240 1250 1083 1105 971 1113 1039 772 961 1424 1665 1828 1764 1664 1188 1650 1484 1570 952 1562 1200 1392 611 832 749 1038 868 833 863 333 320 496 421 254 163 0 214 396 464 484 702 477 517 316 538 603 865 783 923 879 740 752 1263 907 1076 526 675 1682 1779 1871
1921 2208 2366 2402 2346 2223 2268 2457 2385 2471 2383 2485 2370 2695 2576 2336 2281 2217 2210 2161 2250 2186 2103 1871 1861 1834 1897 1655 1730 1579 1535 1762 1808 1902 1942 1693 1526 1806 1647 1885 1792 1921 1904 2018 1947 2135 1642 1681 1770 1654 2302 1864 1943 2013 1947 1913 1931 1570 1414 1211 1300 1407 1681 1299 1221 1231 1065 1087 953 1094 1020 753 960 1405 1646 1809 1746 1645 1169 1631 1466 1552 933 1543 1067 1259 520 699 616 905 735 700 808 201 187 363 368 224 109 212 0 263 446 338 556 307 384 335 557 456 718 802 790 746 607 619 1117 737 930 669 818 1664 1783 1857
1708 1995 2153 2189 2133 2044 2055 2244 2172 2258 2204 2305 2191 2482 2376 2157 2101 2038 2030 1982 2071 2006 1923 1607 1597 1655 1671 1500 1575 1425 1381 1607 1653 1748 1787 1513 1372 1609 1468 1705 1612 1741 1750 1864 1767 1980 1458 1526 1616 1470 2122 1698 1788 1846 1792 1758 1718 1322 1259 965 1075 1223 1468 1086 1008 1044 849 874 939 955 820 741 912 1230 1433 1596 1533 1432 956 1418 1253 1339 921 1330 802 995 289 435 352 641 470 436 567 277 148 279 423 402 286 394 246 0 521 547 765 540 120 543 765 665 927 1010 526 482 342 355 1038 969 1139 872 828 1652 1672 1692
1543 1832 1987 2016 1964 1848 1892 2065 1980 2090 1999 2106 1992 2306 2195 1961 1903 1835 1809 1772 1866 1808 1712 1499 1557 1459 1521 1276 1354 1200 1152 1386 1425 1519 1564 1300 1149 1385 1269 1489 1416 1539 1526 1635 1568 1753 1208 1304 1388 1256 1926 1489 1567 1637 1571 1537 1555 1194 1038 981 924 1032 1306 924 846 856 689 711 577 718 645 377 585 1028 1269 1405 1309 1262 793 1219 1067 1158 558 1120 854 1141 316 605 544 838 676 722 469 393 525 328 261 212 354 460 428 515 0 727 944 606 529 633 931 845 1107 1176 863 847 651 715 1341 1087 1179 601 500 1210 1387 1418
2199 2489 2644 2672 2621 2451 2539 2722 2636 2747 2655 2763 2649 2962 2851 2608 2559 2492 2465 2429 2523 2464 2368 2155 2144 2115 2178 1933 2010 1856 1809 2042 2082 2176 2221 1956 1806 2042 1926 2146 2072 2196 2183 2291 2225 2409 1865 1961 2045 1913 2568 2141 2224 2294 2228 2194 2212 1851 1695 1478 1515 1669 1962 1580 1502 1512 1346 1368 1234 1375 1301 1034 1241 1684 1926 2061 1965 1919 1450 1876 1723 1815 1214 1776 1302 1543 804 983 900 1189 1018 983 1091 484 470 647 651 505 390 482 321 527 725 0 378 373 632 502 490 218 480 528 1043 1027 831 895 820 686 551 851 975 1866 2034 2074
2445 2732 2890 2926 2870 2747 2792 2981 2909 2995 2907 3009 2894 3219 3100 2860 2805 2741 2734 2685 2774 2710 2627 2397 2387 2358 2421 2179 2254 2103 2059 2286 2332 2426 2466 2217 2050 2330 2171 2409 2316 2445 2428 2542 2471 2659 2166 2205 2294 2178 2826 2388 2467 2537 2471 2437 2455 2094 1938 1737 1824 1931 2205 1823 1745 1755 1589 1610 1477 1618 1544 1290 1495 1929 2170 2333 2270 2169 1693 2155 1990 2076 1457 2067 1593 1785 1046 1225 1142 1432 1261 1226 1352 727 719 892 898 752 635 727 581 790 969 423 0 287 910 848 853 473 678 821 1155 1244 1133 1146 569 410 454 1182 1331 2188 2307 2380
2192 2482 2637 2665 2614 2497 2542 2715 2629 2740 2648 2756 2642 2955 2844 2610 2552 2485 2458 2421 2515 2457 2361 2147 2137 2108 2171 1926 2003 1849 1802 2035 2075 2169 2214 1949 1799 2035 1918 2139 2065 2189 2176 2284 2218 2402 1858 1953 2038 1906 2576 2138 2217 2287 2221 2187 2205 1844 1688 1487 1573 1681 1955 1573 1495 1505 1339 1360 1227 1368 1294 1027 1234 1677 1919 2054 1958 1912 1443 1868 1716 1808 1207 1769 1343 1535 796 975 892 1182 1011 976 1084 477 463 640 644 498 383 475 290 520 719 487 262 0 625 598 820 605 867 951 1036 1020 824 888 834 429 677 932 1081 1859 2037 2067
1771 2059 2214 2232 2191 1923 2026 2292 2206 2322 2083 2184 2070 2546 2276 2036 1978 1910 1884 1847 1941 1883 1787 1486 1476 1534 1550 1439 1516 1395 1387 1575 1588 1747 1727 1375 1300 1443 1344 1564 1491 1614 1674 1756 1646 1900 1413 1538 1623 1461 2001 1703 1782 1852 1786 1752 1782 1201 1272 985 1089 1237 1532 1150 1072 1108 913 937 853 994 884 653 825 1294 1497 1660 1596 1496 1020 1445 1317 1385 834 1346 695 874 352 499 369 520 350 315 631 398 269 294 447 509 407 515 367 114 507 667 885 660 0 664 886 786 1048 1130 405 361 222 234 917 1090 1259 877 740 1564 1648 1737
2117 2407 2562 2591 2539 2369 2457 2640 2554 2665 2573 2681 2567 2880 2769 2526 2477 2410 2384 2347 2441 2383 2286 2074 2132 2033 2096 1851 1929 1775 1727 1960 2000 2094 2139 1875 1724 1960 1844 2064 1990 2114 2101 2209 2143 2328 1783 1879 1963 1831 2486 2060 2142 2212 2146 2112 2130 1769 1613 1474 1433 1587 1880 1498 1421 1430 1264 1286 1152 1293 1219 905 785 1603 1692 1707 1884 1837 1368 1794 1641 1733 1132 1695 1298 1539 800 979 896 1185 1014 979 1087 480 467 643 647 499 378 314 318 523 627 475 819 484 628 0 318 616 688 528 1039 1023 827 891 1262 966 949 348 472 1544 1531 1581
2404 2693 2848 2877 2826 2655 2744 2927 2841 2951 2860 2968 2853 3167 3056 2813 2764 2696 2670 2633 2727 2669 2573 2360 2362 2320 2383 2137 2215 2061 2014 2247 2286 2380 2426 2161 2010 2246 2130 2350 2277 2400 2387 2496 2429 2614 2069 2165 2249 2118 2772 2346 2428 2498 2433 2398 2417 2055 1899 1696 1720 1873 2167 1785 1707 1717 1550 1572 1438 1579 1506 1224 1104 1889 2011 2026 2170 2124 1655 2080 1928 2020 1419 1981 1520 1761 1022 1201 1118 1407 1236 1201 1309 702 688 865 869 721 600 536 540 745 929 464 808 706 850 270 0 390 427 243 1261 1245 1049 1113 1032 1026 711 667 791 1863 1850 1900
2339 2626 2784 2820 2764 2642 2686 2875 2803 2889 2802 2903 2789 3113 2995 2755 2699 2636 2628 2580 2669 2604 2521 2292 2282 2253 2315 2073 2148 1998 1954 2180 2226 2321 2360 2111 1945 2224 2066 2303 2210 2339 2323 2437 2365 2553 2061 2099 2189 2073 2720 2283 2361 2431 2365 2331 2349 1988 1832 1631 1718 1826 2100 1718 1640 1650 1483 1505 1371 1512 1439 1184 1389 1823 2065 2228 2164 2064 1587 2049 1884 1970 1352 1961 1487 1680 941 1120 1037 1326 1155 1121 1247 621 614 787 792 646 529 622 475 684 864 236 427 624 805 635 409 0 286 365 1211 1167 1027 1040 693 724 492 985 1134 2082 2188 2275
2587 2874 3032 3068 3012 2890 2934 3124 3051 3137 3050 3151 3037 3361 3243 3003 2947 2884 2876 2828 2917 2852 2769 2540 2530 2501 2564 2321 2397 2246 2202 2429 2475 2569 2608 2360 2193 2472 2314 2552 2458 2587 2571 2685 2613 2801 2309 2347 2437 2321 2968 2531 2609 2679 2614 2579 2597 2236 2080 1879 1966 2074 2348 1966 1888 1898 1731 1753 1619 1760 1687 1433 1489 2072 2313 2366 2412 2312 1835 2297 2132 2218 1600 2210 1736 1928 1189 1368 1285 1574 1404 1369 1495 869 862 1035 1041 894 777 870 723 932 1112 484 633 872 1053 692 432 267 0 322 1385 1415 1275 1288 799 836 599 1043 1192 2222 2163 2255
2643 2938 3093 3122 3070 2954 2998 3172 3086 3196 3105 3212 3098 3412 3301 3067 3009 2941 2915 2878 2972 2914 2818 2605 2607 2565 2627 2382 2460 2306 2258 2492 2531 2625 2670 2406 2255 2491 2375 2595 2522 2645 2632 2741 2674 2859 2314 2410 2494 2362 3032 2595 2673 2743 2678 2643 2661 2300 2144 1941 1965 2118 2412 2030 1952 1962 1795 1817 1683 1824 1751 1469 1348 2134 2103 2118 2373 2368 1899 2325 2173 2265 1664 2226 1765 2005 1266 1445 1362 1651 1481 1446 1554 947 933 1109 1114 966 845 780 784 990 1174 563 775 838 1095 563 278 346 317 0 1497 1490 1294 1358 922 916 601 911 1036 1955 1923 1973
2147 2435 2567 2524 2567 2214 2318 2668 2582 2697 2374 2476 2361 2873 2567 2327 2269 2202 2176 2139 2233 2174 2078 1778 1767 1825 1842 1730 1808 1687 1678 1866 1879 2039 2018 1667 1591 1735 1636 1856 1782 1906 1965 2048 1938 2192 1705 1830 1914 1753 2293 1995 2073 2143 2078 2043 2158 1493 1564 1276 1380 1528 1908 1526 1448 1476 1289 1313 1197 1338 1260 998 1169 1650 1873 2036 1972 1872 1396 1821 1692 1761 1178 1722 987 1166 728 875 718 797 699 431 1006 774 645 638 791 853 783 890 743 490 851 1043 1110 1036 373 1039 1261 1162 1380 1506 0 248 337 243 587 1152 958 1221 1084 1908 1992 2081
2123 2356 2479 2435 2543 2126 2229 2644 2558 2673 2286 2388 2273 2784 2479 2239 2181 2114 2087 2050 2144 2086 1990 1689 1679 1737 1753 1642 1719 1599 1590 1778 1791 1950 1930 1578 1503 1646 1547 1767 1694 1818 1877 1959 1849 2104 1617 1742 1826 1665 2204 1907 1985 2055 1989 1955 2134 1404 1476 1188 1292 1440 1884 1502 1424 1452 1264 1289 1173 1314 1236 974 1145 1626 1849 2012 1948 1848 1372 1797 1668 1737 1154 1698 899 1077 704 842 694 708 637 343 982 750 621 614 767 829 759 866 719 466 827 1019 1198 1012 349 1015 1237 1138 1400 1482 217 0 268 183 676 1240 1046 1197 1060 1884 1968 2057
2003 2204 2327 2283 2423 1974 2077 2524 2438 2554 2134 2236 2121 2632 2327 2087 2029 1962 1935 1898 1992 1934 1838 1537 1527 1585 1601 1490 1567 1447 1438 1626 1639 1798 1778 1426 1351 1494 1395 1616 1542 1666 1725 1807 1697 1952 1465 1590 1674 1513 2053 1755 1833 1903 1837 1803 1985 1252 1324 1036 1140 1288 1764 1382 1304 1332 1145 1169 1053 1194 1116 854 1025 1506 1729 1892 1828 1728 1252 1677 1548 1617 1034 1578 747 925 584 690 574 556 485 191 862 630 501 494 647 709 639 747 599 346 707 899 1117 892 229 896 1117 1018 1280 1362 306 266 0 164 814 1322 1184 1077 940 1764 1848 1937
1977 2264 2395 2351 2396 2042 2145 2497 2411 2527 2202 2304 2189 2700 2395 2155 2097 2030 2003 1966 2060 2002 1906 1605 1595 1653 1669 1558 1635 1515 1506 1694 1707 1866 1846 1494 1419 1562 1463 1684 1610 1734 1793 1876 1765 2020 1533 1658 1742 1581 2121 1823 1901 1971 1905 1871 1987 1320 1392 1104 1208 1356 1737 1355 1277 1305 1118 1143 1027 1168 1089 827 998 1479 1702 1865 1802 1701 1225 1651 1522 1590 1007 1551 815 993 558 704 548 624 529 259 836 603 474 468 620 682 612 720 572 319 681 873 1091 866 202 869 1091 991 1253 1335 212 180 106 0 720 1284 1091 1051 914 1738 1821 1910
2677 2965 3109 3065 3097 2756 2859 3198 3112 3228 2916 3018 2903 3415 3109 2869 2811 2744 2717 2680 2774 2716 2620 2239 2229 2367 2303 2272 2350 2229 2220 2408 2421 2580 2560 2208 2133 2276 2177 2398 2324 2448 2507 2590 2480 2734 2247 2372 2456 2295 2835 2537 2615 2685 2620 2585 2688 2034 2106 1818 1922 2070 2438 2056 1978 2006 1819 1843 1727 1869 1790 1528 1699 2180 2403 2566 2502 2402 1926 2351 2223 2291 1708 2252 1529 1707 1258 1405 1248 1338 1229 973 1537 1263 1175 1169 1321 1284 1169 1261 1100 1020 1382 840 524 854 903 1281 1051 667 794 942 652 740 878 785 0 613 434 1631 1615 2438 2522 2611
2622 2911 3066 3095 3044 2927 2972 3145 3059 3169 3078 3186 3071 3385 3274 3040 2982 2914 2888 2851 2945 2887 2791 2577 2567 2538 2601 2355 2433 2279 2232 2465 2504 2598 2644 2379 2228 2464 2348 2568 2495 2618 2605 2714 2647 2832 2287 2383 2467 2336 3005 2568 2646 2716 2651 2616 2635 2273 2117 1917 2003 2111 2385 2003 1925 1935 1768 1790 1656 1797 1724 1457 1664 2107 2348 2484 2388 2342 1873 2298 2146 2238 1637 2199 1773 1965 1226 1405 1322 1611 1441 1406 1514 906 893 1069 1073 928 813 905 720 949 1149 748 385 375 1054 1027 1088 691 831 978 1121 1238 1254 1280 594 0 472 1362 1511 2289 2466 2497
2793 3081 3236 3264 3213 3096 3141 3314 3228 3344 3256 3358 3243 3568 3449 3209 3151 3084 3057 3020 3114 3056 2960 2607 2597 2707 2671 2525 2602 2448 2401 2634 2674 2768 2813 2548 2398 2634 2517 2738 2664 2788 2774 2891 2819 3008 2457 2552 2637 2505 3175 2737 2816 2886 2820 2786 2804 2402 2287 2086 2172 2280 2554 2172 2094 2104 1938 1959 1826 1967 1893 1626 1833 2278 2519 2682 2619 2518 2042 2467 2339 2407 1806 2368 1897 2075 1395 1574 1491 1706 1597 1341 1683 1076 1062 1239 1243 1097 982 1074 913 1119 1318 691 409 739 1224 1089 851 473 594 741 1020 1108 1246 1152 414 534 0 1439 1589 2537 2582 2674
1794 2084 2239 2267 2216 2099 2144 2317 2231 2342 2250 2358 2244 2557 2446 2212 2154 2087 2060 2023 2117 2059 1963 1750 1809 1710 1773 1528 1605 1451 1404 1637 1677 1770 1816 1551 1400 1636 1520 1740 1667 1791 1777 1886 1820 2004 1460 1555 1640 1508 2177 1740 1819 1888 1823 1788 1807 1445 1289 1257 1175 1283 1557 1175 1097 1107 940 962 828 970 896 581 434 1279 1342 1357 1560 1514 1045 1470 1318 1410 809 1371 1312 1564 831 1120 1057 1211 1049 1095 918 778 796 816 806 640 638 522 652 852 595 853 1157 819 902 349 668 966 1038 913 1237 1221 1025 1089 1612 1300 1300 0 148 1194 1232 1281
1659 1948 2103 2132 2080 1964 2008 2181 2096 2206 2114 2222 2108 2422 2311 2077 2019 1951 1925 1888 1982 1924 1828 1615 1673 1575 1637 1392 1470 1316 1268 1501 1541 1635 1680 1416 1265 1501 1385 1605 1532 1655 1642 1751 1684 1869 1324 1420 1504 1372 2042 1605 1683 1753 1687 1653 1671 1310 1154 1122 1040 1148 1422 1040 962 971 805 827 693 834 761 493 298 1144 1202 1216 1425 1378 909 1335 1183 1274 674 1236 1210 1427 721 999 920 1075 912 958 816 858 895 679 726 677 788 671 801 800 533 1002 1306 968 765 499 818 1115 1187 1063 1100 1084 888 952 1578 1449 1449 142 0 1054 1082 1132
860 1692 1847 1876 1824 1771 1752 1925 1840 1955 2178 2207 2075 2179 2073 1861 2269 2186 2288 2251 2345 2033 2191 1981 2039 1940 2003 1758 1835 1681 1634 1814 1808 1849 1896 1781 1631 1867 1751 1971 1897 2011 1909 2026 2035 1917 1659 1704 1652 1374 1879 1724 1609 1822 1600 1521 1415 1676 1520 1487 1406 1512 1373 1014 966 1181 1020 1002 1090 1139 1088 936 844 487 196 211 466 671 689 1079 864 1135 934 1187 1541 1828 1467 1603 1542 1859 1697 1743 1251 1632 1679 1464 1500 1451 1593 1700 1667 1585 1309 1966 2184 1959 1550 1592 1911 2084 2217 2003 1885 1869 1673 1737 2363 2388 2418 1242 1102 0 180 200
823 1699 1854 1883 1831 1778 1759 1932 1847 1962 2185 2214 2082 2186 2080 1868 2276 2193 2295 2258 2352 2040 2198 1987 2046 1947 2010 1765 1842 1688 1641 1821 1815 1856 1903 1788 1638 1874 1758 1978 1904 2018 1916 2033 2042 1924 1666 1711 1659 1381 1886 1731 1616 1829 1607 1528 1422 1683 1527 1494 1413 1519 1380 1021 973 1188 1027 1009 1115 1146 1094 1109 928 494 203 218 473 678 696 1086 871 1142 987 1194 1548 1835 1474 1610 1549 1887 1770 1830 1258 1734 1770 1555 1602 1553 1694 1775 1769 1666 1411 2055 2285 2060 1641 1552 1871 2169 2158 1944 1975 1960 1764 1827 2454 2490 2442 1252 1103 132 0 134
887 1719 1874 1903 1851 1798 1779 1952 1867 1982 2205 2234 2102 2206 2100 1888 2296 2213 2315 2278 2372 2060 2218 2007 2066 1967 2030 1785 1862 1708 1661 1841 1835 1876 1923 1808 1658 1894 1777 1998 1924 2038 1936 2053 2062 1944 1686 1731 1678 1401 1906 1751 1636 1849 1627 1548 1442 1703 1547 1514 1433 1539 1400 1041 993 1207 1047 1029 1135 1165 1114 1129 948 514 223 238 493 698 716 1106 891 1162 1007 1214 1568 1855 1494 1630 1569 1907 1790 1850 1278 1814 1836 1646 1693 1644 1785 1868 1860 1686 1502 2147 2376 2151 1721 1644 1963 2261 2250 2036 2066 2051 1855 1918 2544 2581 2534 1345 1195 152 113 0
