134 7
10790 15335 3815 5020 270 1560 10195 1490 1265 130 635 7600 12880 6605 3485 8970 1990 9315 10895 9765 3600 5150 1470 5280 195 1690 2970 1670 90 495 2310 12590 130 1985 2745 2855 7250 2975 2575 2370 525 1505 4785 4730 15510 2190 8945 5075 9775 6720 7255 8890 14895 6465 14735 2275 3520 2450 12660 3445 450 4585 2590 4510 6095 3085 1795 5580 6180 7045 9405 5495 9250 255 11565 3160 4325 5645 3330 5165 12540 4385 2150 11340 4340 6440 6765 8985 8900 5435 5825 4920 3640 9265 1745 110 7145 6630 3875 1485 6220 1255 7065 7665 2320 1850 2450 855 1045 3220 2815 690 14400 8125 1985 1085 7210 8030 7890 4510 2200 1110 985 850 4790 2435 4150 220 1360 2830 1345 7355 1165 60
0 251 202 418 842 497 395 376 459 433 425 874 530 762 753 727 732 583 1965 2004 1755 1554 1399 1516 1537 1707 1639 1770 1782 1894 1985 2099 2025 2143 2428 2181 2329 1226 1351 1117 1072 1080 1032 1092 1044 1146 1011 790 842 806 716 785 958 934 911 976 815 603 392 695 729 1629 1577 1410 1477 1575 1364 1583 1633 1573 1694 1773 1767 1749 1663 1773 1749 1783 1816 1841 1894 1627 1774 1798 1879 1856 1962 1941 1966 1430 1519 1499 1315 1268 1298 1657 1710 1777 1770 1953 2064 2105 1995 2057 2183 2244 2339 2427 2398 2516 2550 2650 1772 1990 2093 2175 1906 1942 2147 2391 2099 2086 2119 2052 2201 2282 2277 2290 2263 2035 1868 1983 2056 1057
289 0 293 534 958 597 519 412 482 257 173 896 552 785 776 750 831 331 1739 1778 1529 1328 1173 1291 1311 1481 1413 1544 1556 1668 1759 1874 1799 1918 2202 1955 2103 1000 1126 892 846 854 806 866 818 921 785 564 617 581 490 559 732 796 685 1035 875 663 272 469 503 1403 1351 1185 1251 1349 1232 1357 1407 1348 1468 1547 1542 1523 1437 1547 1523 1557 1590 1615 1668 1401 1549 1572 1654 1631 1736 1716 1740 1205 1293 1273 1089 1043 1072 1604 1484 1551 1544 1727 1838 1880 1769 1832 1957 2018 2113 2201 2173 2290 2324 2424 1546 1765 1867 1949 1680 1716 2003 2165 1873 1861 2094 2151 1976 2056 2051 2064 2037 1810 1642 1757 1830 1116
197 387 0 377 801 576 473 524 607 501 454 1021 677 909 900 869 810 612 1974 2044 1796 1594 1440 1557 1578 1748 1679 1811 1822 1934 2026 2140 2066 2184 2434 2187 2370 1266 1392 1158 1112 1121 1072 1133 1084 1187 921 790 843 807 757 826 959 843 951 884 724 512 350 716 769 1636 1584 1417 1484 1546 1273 1592 1639 1602 1723 1801 1792 1756 1670 1780 1756 1790 1823 1848 1901 1634 1781 1805 1886 1863 1968 1948 1972 1437 1525 1540 1355 1275 1230 1565 1738 1805 1799 1981 2093 2134 2023 2086 2211 2272 2367 2456 2427 2544 2579 2679 1800 2019 2121 2203 1934 1970 2225 2341 2127 2115 2197 2130 2230 2311 2305 2318 2291 2064 1896 2011 2084 965
413 621 374 0 462 274 483 758 774 742 695 1189 845 1077 1068 1022 491 853 1873 1987 1827 1626 1681 1798 1819 1902 1711 1842 1854 2041 2057 2051 2097 2170 2334 2087 2335 1508 1634 1399 1354 1362 1314 1374 1326 1428 1035 936 990 954 998 1067 1073 955 1193 765 479 449 577 921 1011 1535 1483 1316 1383 1426 1153 1473 1519 1529 1614 1769 1673 1655 1569 1679 1655 1689 1722 1747 1800 1533 1680 1704 1785 1763 1868 1847 1872 1337 1425 1515 1513 1389 1256 1417 1667 1744 1766 1910 2060 2101 1990 2053 2179 2240 2335 2423 2394 2511 2546 2646 1768 1986 2088 2170 1893 1937 1946 2221 2030 2082 1918 1851 2197 2278 2272 2286 2258 2031 1863 1940 2051 838
837 969 797 437 0 426 726 1060 1039 1166 1119 1454 1110 1342 1333 1287 659 1277 1834 1948 1788 1587 1911 1868 1959 1862 1672 1803 1815 2001 2018 2012 2058 2131 2295 2048 2296 1756 1896 1657 1604 1521 1574 1636 1589 1692 1146 1053 1143 1122 1204 1352 1184 1066 1351 725 414 645 938 1249 1292 1496 1444 1277 1344 1387 1114 1434 1480 1489 1575 1729 1634 1616 1530 1640 1616 1650 1683 1708 1761 1494 1641 1665 1746 1723 1829 1808 1832 1297 1386 1476 1474 1446 1217 1377 1627 1705 1727 1871 2021 2062 1951 2014 2140 2201 2296 2384 2355 2472 2507 2607 1728 1947 2049 2131 1854 1898 1789 2073 1873 2009 1761 1694 2124 2205 2211 2212 2219 1992 1824 1901 1989 799
905 936 985 651 496 0 781 1027 1006 1206 1122 1420 1077 1309 1300 1253 649 1280 2129 2243 2233 2050 2095 2213 2233 2326 2135 2266 2278 2465 2403 2307 2416 2408 2484 2237 2485 1922 2048 1814 1768 1777 1728 1789 1740 1843 1605 1486 1539 1503 1413 1481 1642 1525 1607 1189 903 1019 1183 1391 1425 1762 1881 1714 1736 1611 1446 1619 1669 1609 1730 1818 1804 1882 1804 1935 1882 1916 1961 2003 2055 1788 1936 1960 2041 2018 2123 1998 2043 1761 1849 1939 1937 1910 1681 1387 1746 1822 1815 1989 2109 2150 2039 2102 2228 2289 2384 2472 2443 2561 2595 2695 1817 2035 2138 2220 1951 1987 1671 1955 1755 1891 1643 1576 2006 2086 2093 2094 2261 2080 1913 2019 1871 1262
390 438 470 434 705 376 0 503 479 709 624 893 550 782 773 756 374 782 2164 2203 1954 1753 1598 1716 1736 1906 1838 1969 1981 2093 2184 2299 2224 2343 2627 2380 2528 1425 1551 1317 1271 1279 1231 1291 1243 1346 1210 989 1042 1006 915 984 1157 1211 1110 1059 773 815 668 894 928 1828 1776 1610 1676 1721 1448 1767 1814 1773 1893 1972 1967 1948 1862 1972 1948 1982 2015 2040 2093 1826 1974 1997 2079 2056 2161 2141 2165 1630 1718 1698 1514 1468 1497 1711 1909 1976 1969 2152 2263 2305 2194 2257 2382 2443 2538 2626 2598 2715 2750 2849 1971 2190 2292 2374 2105 2141 2060 2344 2144 2280 2032 1965 2395 2475 2476 2483 2462 2235 2067 2182 2255 1132
372 343 517 739 1035 644 488 0 236 316 470 753 434 641 501 427 870 662 2070 2108 1859 1658 1503 1621 1641 1811 1743 1874 1886 1998 2089 2204 2129 2248 2532 2285 2433 1330 1456 1222 1176 1184 1136 1196 1148 1251 1115 894 947 911 821 889 1062 1126 1015 1298 1106 925 629 799 833 1733 1681 1515 1581 1679 1562 1688 1737 1678 1798 1877 1872 1853 1767 1878 1853 1887 1920 1945 1998 1731 1879 1902 1984 1961 2066 2046 2070 1535 1623 1604 1419 1373 1402 1934 1814 1881 1874 2057 2168 2210 2099 2162 2287 2348 2443 2531 2503 2620 2655 2754 1876 2095 2197 2279 2010 2046 2305 2495 2203 2191 2277 2210 2306 2386 2381 2394 2367 2140 1972 2087 2160 1379
457 418 603 769 1014 623 464 229 0 553 604 534 216 423 321 281 845 762 2144 2182 1934 1732 1578 1695 1716 1886 1817 1948 1960 2072 2164 2278 2204 2322 2606 2359 2507 1404 1530 1296 1250 1259 1210 1271 1222 1325 1190 968 1021 985 895 964 1136 1201 1089 1371 1086 1011 703 873 907 1808 1755 1589 1655 1754 1637 1762 1812 1752 1873 1951 1946 1928 1842 1952 1927 1962 1995 2020 2072 1805 1953 1977 2058 2035 2140 2120 2144 1609 1697 1678 1493 1447 1477 2000 1888 1955 1949 2131 2243 2284 2173 2236 2361 2423 2517 2606 2577 2694 2729 2829 1950 2169 2271 2353 2084 2120 2284 2568 2277 2265 2257 2190 2380 2461 2455 2468 2441 2214 2046 2161 2234 1444
428 514 494 723 1145 830 731 268 545 0 224 1031 752 958 802 669 1076 434 1985 2024 1775 1574 1419 1536 1557 1727 1659 1790 1802 1914 2005 2120 2045 2164 2448 2201 2349 1246 1372 1137 1092 1100 1052 1112 1064 1166 1031 810 863 827 736 805 978 1042 931 1243 1083 871 517 708 749 1649 1597 1430 1497 1595 1478 1603 1653 1594 1714 1793 1788 1769 1683 1793 1769 1803 1836 1861 1914 1647 1795 1818 1900 1877 1982 1962 1986 1451 1539 1519 1335 1289 1318 1850 1730 1797 1790 1973 2084 2125 2015 2077 2203 2264 2359 2447 2418 2536 2570 2670 1792 2011 2113 2195 1926 1962 2249 2411 2119 2107 2340 2396 2221 2302 2297 2310 2283 2055 1888 2003 2076 1324
450 430 447 676 1098 746 665 422 640 193 0 1057 713 946 937 823 992 310 1901 1940 1691 1489 1335 1452 1473 1643 1575 1706 1718 1830 1921 2035 1961 2079 2364 2116 2265 1161 1287 1053 1007 1016 967 1028 979 1082 947 726 778 742 652 721 894 958 847 1196 1036 824 433 624 664 1565 1513 1346 1413 1511 1394 1519 1569 1509 1630 1709 1703 1685 1599 1709 1685 1719 1752 1777 1830 1563 1710 1734 1815 1792 1898 1877 1901 1366 1455 1435 1250 1204 1234 1766 1645 1713 1706 1889 2000 2041 1930 1993 2119 2180 2275 2363 2334 2452 2486 2586 1708 1926 2029 2111 1842 1878 2165 2327 2035 2022 2256 2312 2137 2218 2213 2226 2198 1971 1804 1919 1992 1277
871 832 1017 1184 1429 1038 878 745 525 1000 1001 0 380 283 384 443 1163 1176 2558 2597 2348 2146 1992 2109 2130 2300 2232 2363 2375 2487 2578 2648 2599 2736 3013 2756 2914 1818 1944 1710 1664 1673 1624 1685 1636 1739 1553 1376 1431 1383 1309 1354 1546 1568 1502 1769 1469 1413 1078 1268 1296 2222 2170 2003 2070 2168 2051 2176 2226 2166 2287 2366 2360 2342 2256 2366 2342 2376 2409 2434 2487 2220 2367 2391 2472 2449 2555 2521 2551 2023 2112 2092 1907 1861 1891 2328 2302 2370 2363 2546 2657 2698 2587 2650 2776 2837 2932 3020 2991 3109 3143 3243 2359 2568 2684 2728 2499 2535 2699 2983 2692 2679 2671 2604 2790 2874 2867 2847 2855 2628 2461 2576 2649 1740
528 488 673 840 1085 694 535 427 207 720 657 363 0 268 314 301 819 832 2214 2253 2004 1803 1648 1766 1786 1956 1888 2019 2031 2143 2234 2305 2255 2393 2669 2412 2570 1475 1601 1367 1321 1329 1281 1341 1293 1396 1209 1032 1087 1040 966 1011 1203 1224 1158 1425 1125 1069 734 925 952 1878 1826 1660 1726 1824 1707 1833 1882 1823 1943 2022 2017 1998 1912 2023 1998 2032 2065 2090 2143 1876 2024 2047 2129 2106 2211 2177 2207 1680 1768 1749 1564 1518 1547 1984 1959 2026 2019 2202 2313 2355 2244 2307 2432 2493 2588 2676 2648 2765 2800 2899 2015 2224 2340 2385 2155 2191 2355 2639 2348 2336 2327 2260 2446 2530 2524 2503 2512 2285 2117 2232 2305 1396
760 721 906 1072 1317 926 767 634 414 927 889 266 261 0 244 386 1051 1065 2447 2485 2237 2035 1880 1998 2018 2189 2120 2251 2263 2375 2466 2537 2487 2625 2901 2644 2802 1707 1833 1599 1553 1562 1513 1573 1525 1628 1441 1264 1319 1272 1198 1243 1435 1457 1390 1657 1357 1301 966 1157 1184 2111 2058 1892 1958 2056 1940 2065 2114 2055 2176 2254 2249 2230 2144 2255 2230 2264 2297 2323 2375 2108 2256 2280 2361 2338 2443 2409 2439 1912 2000 1981 1796 1750 1779 2216 2191 2258 2252 2434 2546 2587 2476 2539 2664 2725 2820 2908 2880 2997 3032 3131 2248 2456 2573 2617 2387 2423 2587 2871 2580 2568 2559 2492 2678 2762 2756 2735 2744 2517 2349 2464 2537 1628
751 712 897 1063 1308 917 758 493 312 770 880 367 307 237 0 158 1100 1056 2438 2476 2228 2026 1871 1989 2009 2180 2111 2242 2254 2366 2457 2528 2478 2616 2892 2635 2793 1698 1824 1590 1544 1553 1504 1565 1516 1619 1432 1255 1310 1263 1189 1234 1426 1448 1381 1648 1348 1292 957 1148 1175 2102 2049 1883 1949 2048 1931 2056 2106 2046 2167 2245 2240 2222 2135 2246 2221 2255 2288 2314 2366 2099 2247 2271 2352 2329 2434 2401 2430 1903 1991 1972 1787 1741 1771 2208 2182 2249 2243 2425 2537 2578 2467 2530 2655 2716 2811 2900 2871 2988 3023 3122 2239 2447 2564 2608 2378 2414 2578 2862 2571 2559 2551 2483 2670 2753 2747 2726 2735 2508 2340 2455 2528 1619
716 676 861 1009 1254 863 745 420 272 638 806 438 293 379 151 0 1070 986 2402 2441 2192 1991 1836 1954 1974 2144 2076 2207 2219 2331 2422 2493 2443 2581 2857 2600 2758 1663 1789 1555 1509 1517 1469 1529 1481 1583 1397 1220 1275 1227 1153 1199 1391 1412 1346 1594 1294 1257 922 1113 1140 2066 2014 1848 1914 2012 1895 2020 2070 2011 2131 2210 2205 2186 2100 2210 2186 2220 2253 2278 2331 2064 2212 2235 2317 2294 2399 2365 2395 1868 1956 1936 1752 1706 1735 2153 2147 2214 2207 2390 2501 2543 2432 2495 2620 2681 2776 2864 2836 2953 2987 3087 2203 2412 2528 2573 2343 2379 2524 2808 2536 2524 2496 2429 2634 2718 2712 2691 2700 2472 2305 2420 2493 1565
738 768 818 442 639 246 359 852 836 1007 937 1232 888 1120 1133 1086 0 1112 2105 2219 2059 1857 1928 2045 2066 2133 1942 2073 2085 2272 2288 2283 2328 2401 2565 2318 2566 1755 1880 1646 1601 1609 1561 1621 1573 1675 1412 1316 1371 1335 1245 1314 1449 1332 1440 996 710 825 1016 1224 1258 1766 1714 1548 1614 1658 1384 1704 1750 1760 1845 2000 1904 1886 1800 1911 1886 1920 1953 1978 2031 1764 1912 1935 2017 1994 2099 2079 2103 1568 1656 1746 1744 1717 1487 1646 1898 1975 1997 2141 2291 2332 2221 2284 2410 2471 2566 2654 2625 2743 2777 2877 1999 2217 2320 2402 2124 2169 1930 2214 2014 2150 1902 1835 2265 2346 2352 2353 2489 2262 2095 2171 2130 1069
608 588 605 834 1256 904 823 613 798 403 293 1195 858 1097 1026 951 1111 0 1924 1990 1728 1553 1389 1497 1524 1703 1632 1752 1741 1830 1965 2056 2006 2144 2420 2163 2321 1226 1352 1118 1072 1080 1032 1092 1044 1144 947 770 825 777 703 767 954 962 909 1338 1163 969 551 454 542 1629 1577 1411 1477 1575 1458 1584 1633 1574 1694 1773 1768 1749 1663 1773 1749 1783 1816 1841 1894 1627 1775 1798 1880 1857 1962 1928 1958 1420 1505 1485 1294 1203 1251 1744 1708 1773 1769 1934 2064 2106 1995 2058 2183 2244 2330 2426 2353 2481 2545 2647 1766 1975 2091 2136 1906 1942 2223 2186 2097 2051 2285 2460 2197 2281 2275 2254 2263 2036 1868 1925 2014 1316
1956 1936 1959 1836 1811 1848 2140 2072 2147 1969 1899 2547 2206 2445 2437 2405 2053 1969 0 235 377 496 756 600 738 635 541 352 350 496 481 367 468 513 854 538 690 1007 1209 928 948 988 990 1051 1122 1213 1278 1378 1427 1439 1485 1387 1284 1219 1212 996 1469 1562 1705 1591 1489 490 539 548 543 590 843 580 585 678 694 688 630 571 521 358 378 499 425 431 299 280 304 256 149 178 315 537 588 729 669 806 785 929 906 1088 867 779 772 1130 1075 1116 1005 1068 1194 1255 1120 1311 1409 1527 1561 1661 777 943 1102 911 727 872 1231 1393 1101 1088 1322 1501 1199 1283 1276 1256 1273 1037 870 998 1057 1434
1962 1942 1980 1972 1947 1983 2177 2078 2153 1975 1905 2553 2212 2451 2442 2411 2189 1974 191 0 555 598 790 623 704 597 417 345 453 458 357 345 316 526 887 598 703 1033 1202 934 954 994 996 1057 1128 1219 1394 1501 1432 1503 1490 1392 1290 1343 1218 1131 1605 1698 1711 1596 1495 607 675 684 675 697 961 687 674 785 783 777 719 660 610 459 467 588 513 531 443 424 448 400 293 322 462 626 677 864 804 852 793 935 976 1195 956 868 861 1238 1164 1205 1094 1157 1283 1344 1153 1344 1498 1616 1649 1749 866 1032 1191 976 816 961 1319 1482 1189 1177 1411 1590 1288 1372 1365 1345 1362 1126 958 1087 1146 1570
1746 1726 1764 1812 1787 1824 1961 1862 1937 1759 1689 2337 1996 2235 2226 2195 2029 1759 349 542 0 201 543 498 634 658 467 488 298 640 799 745 820 891 1166 909 1068 786 989 718 738 736 780 841 912 1003 1137 1262 1217 1287 1275 1177 1033 1127 986 972 1445 1532 1495 1381 1279 599 649 658 630 678 941 667 691 765 801 826 742 683 633 520 510 631 562 588 609 367 444 442 417 481 340 675 726 727 757 511 490 677 760 1175 975 901 910 1218 1213 1254 1143 1206 1331 1393 1432 1576 1547 1664 1699 1799 915 1077 1240 1049 861 1006 1368 1530 1238 1226 1459 1639 1337 1421 1414 1393 1411 1175 1007 1136 1195 1411
1544 1524 1562 1611 1585 1622 1760 1660 1735 1558 1487 2135 1794 2034 2025 1994 1827 1557 468 584 173 0 341 296 432 456 266 329 227 527 612 682 633 770 1132 900 948 585 787 517 537 576 578 640 710 802 977 1084 1015 1086 1073 975 873 925 800 770 1244 1330 1294 1179 1077 797 678 710 776 860 874 865 889 858 979 1024 940 880 831 718 708 829 760 785 758 565 642 599 565 630 489 872 924 525 574 357 336 517 559 1141 994 1062 1055 1237 1349 1390 1279 1342 1468 1529 1397 1589 1683 1800 1835 1935 1051 1260 1376 1247 1059 1204 1513 1676 1383 1371 1605 1784 1482 1566 1559 1539 1547 1320 1152 1268 1340 1209
1382 1362 1399 1628 1912 1678 1597 1497 1573 1395 1325 1973 1632 1871 1862 1831 1885 1394 729 787 515 340 0 248 158 415 518 555 569 614 782 852 803 940 1302 1070 1118 386 589 344 424 527 416 453 548 610 913 946 852 923 910 812 766 1160 638 1097 1570 1375 1131 1016 915 1139 1004 1036 1103 1186 1201 1195 1231 1185 1306 1366 1282 1222 1172 1048 1050 1171 1102 1120 1056 907 984 941 907 935 830 1113 1173 852 901 699 614 704 827 1467 1321 1388 1382 1564 1676 1717 1606 1669 1794 1855 1567 1758 1963 2056 2064 2163 1377 1586 1703 1448 1401 1519 1840 2002 1710 1698 1931 2111 1808 1892 1886 1865 1874 1647 1479 1594 1667 1535
1499 1479 1517 1745 1867 1795 1714 1615 1690 1512 1442 2090 1749 1988 1979 1948 2002 1512 573 619 470 295 238 0 230 248 350 374 517 434 614 684 634 772 1134 902 949 504 706 461 541 644 533 570 665 728 1031 1063 970 1040 1028 930 884 1207 755 1052 1525 1492 1248 1134 1032 1028 959 991 1058 1118 1156 1108 1095 1140 1204 1198 1140 1081 1031 880 888 1009 934 952 896 862 885 857 751 779 785 945 1005 807 856 654 633 799 840 1422 1276 1289 1282 1519 1585 1626 1515 1578 1704 1765 1399 1590 1795 1888 1896 1995 1287 1453 1546 1280 1237 1351 1740 1903 1610 1598 1832 2011 1709 1793 1786 1766 1783 1547 1379 1508 1567 1490
1520 1500 1537 1766 2003 1816 1735 1635 1710 1533 1463 2110 1770 2009 2000 1969 2023 1532 711 700 606 432 148 211 0 329 432 468 655 528 695 766 716 854 1216 983 1031 524 686 482 562 665 554 591 686 748 1051 1084 990 1061 1048 950 904 1298 776 1187 1661 1513 1269 1154 1052 1110 1095 1127 1178 1200 1292 1190 1177 1275 1286 1280 1222 1162 1113 961 970 1091 1016 1034 977 983 967 968 889 917 922 1027 1087 943 991 791 752 842 965 1558 1411 1370 1364 1655 1667 1708 1597 1660 1785 1847 1481 1672 1876 1970 1977 2077 1369 1534 1628 1362 1319 1432 1822 1984 1692 1680 1913 2093 1791 1875 1868 1847 1865 1629 1461 1590 1649 1626
1690 1670 1707 1914 1889 1926 1905 1806 1881 1703 1633 2281 1940 2179 2170 2139 2131 1702 608 584 661 486 405 228 315 0 318 375 608 268 460 652 603 740 1102 870 918 694 836 652 732 835 724 761 856 919 1222 1254 1160 1231 1218 1120 1074 1229 946 1074 1547 1634 1439 1324 1223 996 981 1013 1064 1087 1178 1076 1063 1162 1172 1167 1108 1049 999 848 856 977 903 920 864 869 853 855 761 789 882 914 973 829 878 738 679 821 862 1444 1298 1257 1250 1541 1553 1594 1483 1546 1672 1733 1367 1558 1763 1856 1864 1964 1255 1421 1515 1248 1205 1319 1709 1871 1579 1566 1800 1979 1677 1761 1754 1734 1751 1515 1348 1476 1536 1513
1647 1627 1665 1885 1860 1896 1863 1763 1838 1660 1590 2238 1897 2136 2128 2097 2102 1660 651 557 618 443 362 186 272 185 0 352 608 389 552 623 573 711 1073 840 888 652 784 610 689 793 681 718 813 876 1179 1211 1118 1188 1176 1078 1032 1200 903 1044 1518 1604 1397 1282 1180 967 952 984 1035 1057 1149 1047 1034 1132 1143 1137 1079 1019 970 818 827 948 873 891 834 840 823 825 754 782 923 884 944 800 848 708 650 791 833 1415 1268 1227 1221 1512 1524 1565 1454 1517 1642 1704 1338 1529 1733 1827 1834 1934 1226 1391 1485 1219 1176 1289 1679 1841 1549 1537 1770 1950 1648 1732 1725 1704 1722 1486 1318 1447 1506 1483
1761 1741 1778 1827 1802 1838 1976 1876 1952 1774 1704 2352 2011 2250 2241 2210 2044 1773 324 331 460 328 544 355 455 371 476 0 271 235 404 599 594 753 1114 851 930 811 997 733 753 793 795 856 927 1018 1193 1300 1231 1302 1289 1191 1089 1142 1017 986 1460 1547 1510 1395 1293 843 892 901 896 934 1091 924 911 1022 1020 1014 956 897 847 696 704 825 750 768 652 632 657 609 502 531 598 863 914 742 790 651 592 733 775 1357 1193 1105 1098 1454 1401 1442 1331 1394 1520 1581 1380 1571 1735 1853 1876 1976 1103 1269 1428 1230 1053 1198 1556 1719 1426 1414 1648 1827 1525 1609 1602 1582 1599 1363 1195 1324 1383 1425
1772 1752 1790 1839 1813 1850 1988 1888 1963 1786 1715 2363 2022 2262 2253 2222 2055 1785 323 439 270 212 559 498 641 604 487 246 0 468 637 706 717 864 1205 890 1041 813 1015 745 765 763 806 868 938 1030 1163 1289 1243 1314 1301 1203 1059 1154 1012 998 1472 1558 1522 1407 1305 841 890 900 894 941 1103 931 936 1029 1045 1040 982 922 872 709 730 850 776 782 650 631 655 607 501 529 557 888 939 753 783 537 516 703 787 1369 1219 1130 1124 1465 1427 1468 1357 1420 1545 1606 1471 1662 1761 1878 1913 2012 1129 1294 1454 1262 1078 1223 1582 1744 1452 1440 1673 1853 1550 1634 1628 1607 1625 1389 1221 1349 1409 1437
1876 1856 1894 2025 2000 2037 2092 1992 2067 1890 1819 2467 2126 2366 2357 2326 2242 1889 468 444 633 526 604 415 514 263 511 217 428 0 207 640 502 728 1090 858 906 881 1035 839 919 991 910 948 1042 1105 1392 1440 1347 1418 1405 1307 1261 1340 1132 1185 1659 1745 1626 1511 1409 957 1010 1020 1014 1047 1289 1037 1024 1135 1133 1127 1069 1010 960 808 817 938 863 881 770 751 775 727 621 649 742 902 961 940 989 849 790 932 974 1545 1306 1218 1211 1588 1514 1555 1444 1507 1633 1694 1355 1546 1751 1844 1852 1951 1216 1381 1503 1236 1166 1307 1669 1832 1539 1527 1761 1940 1638 1722 1715 1694 1712 1476 1308 1437 1496 1624
1972 1952 1990 2038 2013 2050 2188 2088 2163 1985 1915 2563 2222 2461 2453 2422 2255 1985 437 343 792 624 790 607 700 456 421 386 596 176 0 432 294 520 882 650 698 1043 1212 944 964 1004 1006 1067 1138 1230 1405 1512 1443 1513 1501 1403 1300 1353 1228 1198 1672 1758 1722 1607 1505 776 844 854 844 867 1131 856 843 955 952 947 888 829 779 628 637 757 683 701 644 650 633 635 540 568 709 694 753 953 974 862 803 945 987 1365 1126 1037 1030 1407 1333 1375 1264 1327 1452 1513 1147 1338 1543 1637 1644 1744 1035 1201 1295 1028 985 1099 1489 1651 1359 1347 1580 1760 1457 1541 1535 1514 1532 1296 1128 1256 1316 1637
2055 2035 2073 2007 1982 2019 2270 2171 2246 2068 1998 2663 2319 2551 2542 2516 2224 2067 411 389 789 707 883 716 797 700 510 643 750 683 475 0 270 201 573 315 389 1126 1295 1027 1047 1087 1089 1150 1221 1312 1449 1549 1525 1596 1583 1485 1383 1391 1311 1167 1641 1734 1804 1689 1588 643 710 720 711 733 997 723 710 821 818 694 731 664 645 494 503 570 467 567 458 516 499 501 470 465 624 354 408 900 840 945 886 1028 1069 1231 873 784 778 1241 1081 1122 1011 1074 1162 1261 830 1021 1226 1320 1327 1427 783 865 942 675 733 746 1236 1398 1106 1094 1327 1507 1205 1289 1282 1261 1279 1043 875 1004 1063 1606
2012 1992 2030 2078 2053 2090 2228 2128 2203 2025 1955 2620 2276 2508 2499 2474 2295 2025 488 335 839 665 840 673 754 658 467 613 736 521 314 243 0 325 732 573 548 1083 1252 984 1004 1044 1046 1107 1178 1270 1445 1552 1483 1553 1541 1443 1340 1393 1268 1238 1712 1798 1762 1647 1545 763 831 840 831 854 1117 843 830 941 939 933 875 816 766 615 623 744 670 687 626 636 620 622 546 575 715 612 666 993 960 902 843 985 1027 1351 1112 1024 1017 1394 1320 1361 1250 1313 1321 1446 989 1180 1385 1479 1486 1586 1022 1124 1200 934 972 1004 1476 1638 1346 1333 1567 1746 1444 1528 1521 1501 1518 1282 1115 1243 1302 1677
2102 2082 2120 2093 2068 2105 2317 2218 2293 2115 2045 2710 2366 2598 2589 2564 2310 2115 513 509 891 754 930 763 844 748 557 728 849 730 522 173 306 0 406 416 221 1173 1342 1074 1094 1134 1136 1197 1268 1359 1535 1635 1573 1643 1631 1533 1430 1476 1358 1252 1726 1819 1851 1737 1635 728 796 805 796 819 1082 808 795 906 904 795 832 765 731 580 589 671 568 652 559 602 585 587 571 553 710 455 509 986 926 992 933 1075 1117 1316 974 885 879 1342 1078 1201 1112 1017 995 1120 663 854 1059 1152 1160 1259 884 966 1024 776 834 847 1337 1499 1207 1195 1428 1608 1306 1390 1383 1362 1380 1144 976 1105 1164 1691
2420 2400 2421 2298 2273 2310 2603 2536 2611 2433 2363 3027 2684 2916 2907 2881 2515 2432 862 879 1174 1124 1300 1133 1214 1117 927 1098 1213 1100 892 545 713 406 0 341 238 1543 1712 1444 1464 1504 1506 1567 1638 1729 1740 1840 1891 1901 1953 1855 1800 1682 1728 1458 1932 2025 2169 2054 1953 917 1001 1011 986 1008 1271 997 984 1075 996 871 908 841 920 794 767 747 643 771 838 807 822 899 921 897 1052 485 593 1191 1131 1362 1303 1445 1368 1440 1050 961 954 1417 729 851 888 668 646 771 314 505 709 803 810 910 865 780 675 749 909 873 1413 1575 1283 1271 1504 1684 1287 1312 1204 1438 1123 1186 1029 1180 1240 1897
2173 2153 2174 2051 2026 2063 2356 2288 2364 2186 2116 2780 2437 2669 2660 2634 2268 2185 556 616 927 899 1074 907 988 892 701 869 908 874 666 271 554 416 333 0 334 1317 1486 1219 1238 1278 1280 1341 1412 1504 1493 1593 1644 1654 1706 1608 1574 1435 1502 1211 1685 1778 1922 1807 1706 670 754 764 739 761 1024 750 737 828 749 624 661 594 673 547 520 500 396 524 591 560 575 652 615 610 784 259 337 944 884 1115 1077 1219 1121 1193 802 714 707 1170 1010 1051 941 953 931 1056 599 790 995 1088 1096 1195 712 766 843 576 662 647 1166 1328 1036 1023 1257 1436 1134 1218 1211 1191 1209 972 805 933 993 1650
2288 2268 2305 2279 2253 2290 2503 2403 2478 2301 2230 2895 2551 2784 2775 2749 2495 2300 698 695 1076 940 1116 948 1029 933 742 914 1034 915 708 361 529 221 230 316 0 1359 1527 1260 1280 1320 1321 1383 1454 1545 1720 1820 1758 1829 1816 1718 1616 1662 1544 1438 1912 2005 2037 1922 1820 914 981 991 982 1004 1268 994 981 1076 997 872 909 842 916 765 768 748 644 772 745 787 770 772 757 739 895 501 586 1171 1111 1178 1119 1260 1302 1441 1051 962 955 1419 898 1020 1056 836 814 939 482 673 878 972 979 1079 960 949 843 818 910 889 1414 1576 1284 1272 1505 1685 1382 1466 1373 1439 1292 1221 1053 1181 1241 1877
1208 1188 1226 1454 1754 1504 1424 1324 1399 1221 1151 1799 1458 1697 1689 1658 1711 1197 979 1044 759 584 376 484 511 690 686 793 772 817 1019 1109 1060 1197 1559 1327 1375 0 356 171 251 354 241 220 322 377 740 772 679 749 737 639 593 987 464 955 1412 1201 958 843 741 1018 856 888 955 1045 1060 1053 1103 1043 1164 1243 1237 1127 1126 1138 1133 1207 1181 1206 1258 1023 1139 1163 1151 1185 1074 1293 1344 683 742 598 439 483 624 1326 1177 1243 1239 1404 1534 1575 1465 1527 1653 1714 1799 1896 1823 1951 2015 2117 1236 1445 1561 1605 1376 1412 1693 1656 1567 1521 1754 1960 1667 1751 1744 1724 1733 1505 1338 1395 1484 1394
1334 1314 1352 1580 1884 1630 1550 1450 1525 1347 1277 1925 1584 1823 1815 1784 1837 1323 1182 1223 961 786 579 687 672 876 889 995 974 1016 1198 1289 1239 1377 1738 1506 1554 279 0 369 387 490 335 282 374 332 871 898 805 875 863 731 724 1118 590 1158 1543 1332 1084 969 855 1221 1058 1091 1157 1248 1262 1256 1306 1246 1367 1445 1439 1329 1329 1340 1335 1409 1383 1408 1461 1225 1342 1365 1354 1388 1277 1495 1547 886 945 801 641 634 800 1529 1380 1446 1441 1607 1737 1778 1667 1730 1855 1917 1989 2099 2025 2153 2218 2319 1439 1647 1764 1808 1578 1614 1895 1858 1769 1723 1957 2162 1870 1954 1947 1926 1935 1708 1540 1597 1686 1548
1100 1080 1118 1346 1645 1396 1315 1216 1291 1113 1043 1691 1350 1589 1580 1549 1603 1089 893 945 682 508 334 442 468 648 587 706 696 775 920 1010 961 1098 1460 1228 1276 94 322 0 121 245 134 188 266 350 632 664 571 641 629 531 485 879 356 856 1304 1093 849 735 633 919 757 789 856 946 961 954 1004 944 1065 1144 1138 1028 1027 1039 1034 1108 1082 1107 1159 924 1040 1064 1071 1099 998 1194 1245 584 643 499 340 369 525 1227 1078 1144 1140 1305 1435 1476 1366 1428 1554 1615 1700 1797 1724 1852 1916 2018 1137 1346 1462 1506 1277 1313 1594 1557 1468 1422 1655 1861 1568 1652 1645 1625 1634 1406 1239 1296 1385 1295
1054 1034 1072 1300 1593 1350 1270 1170 1245 1067 997 1645 1304 1543 1535 1504 1557 1043 913 965 702 528 414 522 548 728 607 726 716 855 940 1030 981 1118 1480 1248 1296 174 340 109 0 144 91 157 220 353 579 618 525 595 583 485 432 826 310 856 1251 1041 804 689 587 939 777 809 876 966 907 974 1024 964 1085 1164 1158 1048 1047 1059 1054 1128 1102 1127 1179 944 1060 1084 1091 1119 1018 1214 1265 604 663 519 342 250 416 1192 1098 1164 1160 1325 1455 1496 1386 1448 1574 1635 1720 1817 1744 1872 1936 2038 1157 1366 1482 1526 1297 1333 1614 1577 1488 1442 1675 1881 1588 1672 1665 1645 1654 1426 1259 1316 1405 1257
1065 1045 1082 1311 1510 1361 1280 1180 1256 1078 1008 1656 1315 1554 1545 1514 1568 1054 954 1006 709 568 517 625 651 831 648 767 722 920 981 1071 1022 1159 1521 1289 1337 277 443 233 142 0 169 252 258 392 496 579 534 605 593 495 349 743 302 781 1169 958 814 699 598 878 715 747 814 935 832 955 980 1005 1099 1205 1096 986 986 997 992 1066 1040 1065 1118 882 998 1022 1101 1080 1024 1152 1203 543 602 458 267 176 341 1117 1139 1205 1201 1366 1496 1537 1427 1489 1615 1676 1761 1858 1785 1913 1977 2079 1198 1407 1523 1526 1253 1374 1655 1618 1529 1483 1716 1917 1629 1713 1707 1686 1695 1467 1300 1357 1446 1174
1014 994 1032 1260 1563 1310 1230 1130 1205 1027 957 1605 1264 1503 1495 1464 1517 1003 954 1006 744 569 405 514 540 719 649 768 757 846 981 1072 1022 1160 1522 1290 1337 164 288 122 90 165 0 87 168 283 549 578 485 555 543 445 402 796 270 870 1221 1010 764 649 547 981 819 851 917 1008 946 1016 1066 1006 1127 1205 1199 1089 1089 1100 1095 1169 1143 1168 1221 985 1102 1125 1132 1161 1060 1255 1307 646 705 561 401 338 504 1231 1140 1206 1202 1367 1497 1538 1427 1490 1616 1677 1762 1859 1785 1913 1978 2079 1199 1408 1524 1568 1338 1374 1655 1618 1530 1483 1717 1922 1630 1714 1707 1686 1695 1468 1300 1357 1446 1227
1075 1055 1092 1321 1625 1371 1290 1191 1266 1088 1018 1666 1325 1564 1555 1524 1578 1064 1016 1068 805 631 443 551 577 757 710 829 819 884 1043 1133 1084 1221 1583 1351 1399 143 235 176 155 248 83 0 133 226 611 639 545 616 603 505 464 858 331 931 1284 1073 824 709 608 1042 880 912 979 1069 1007 1077 1127 1067 1188 1267 1261 1151 1150 1162 1157 1231 1205 1230 1282 1047 1163 1187 1194 1222 1121 1317 1368 707 766 622 463 403 569 1292 1201 1267 1263 1428 1558 1599 1488 1551 1677 1738 1823 1920 1847 1975 2039 2141 1260 1469 1585 1629 1400 1436 1717 1679 1591 1545 1778 1984 1691 1775 1768 1748 1756 1529 1362 1419 1508 1289
1026 1006 1044 1272 1578 1322 1242 1142 1217 1039 969 1617 1276 1515 1507 1476 1529 1015 1087 1139 876 701 538 646 672 852 781 900 889 978 1113 1204 1155 1292 1654 1422 1470 246 327 254 219 255 163 125 0 187 564 590 497 567 555 441 417 811 284 883 1237 1026 776 661 559 1113 951 911 978 1076 959 1084 1134 1074 1195 1274 1268 1222 1164 1233 1228 1284 1275 1301 1353 1118 1234 1258 1265 1293 1192 1388 1439 778 837 693 520 428 594 1244 1208 1274 1270 1435 1565 1606 1495 1558 1684 1745 1830 1927 1854 1981 2046 2148 1267 1476 1592 1636 1406 1442 1724 1686 1598 1551 1785 1990 1698 1782 1775 1755 1763 1536 1368 1426 1514 1242
1129 1109 1147 1375 1681 1425 1344 1245 1320 1142 1072 1720 1379 1618 1609 1578 1632 1118 1178 1230 968 793 600 709 735 914 872 991 981 1041 1205 1295 1246 1383 1745 1513 1561 301 279 338 351 388 278 218 174 0 667 693 599 670 658 481 520 914 387 986 1339 1129 878 764 606 1204 1042 1014 1081 1179 1062 1187 1237 1177 1298 1376 1371 1313 1267 1324 1319 1387 1367 1392 1444 1209 1325 1349 1356 1384 1283 1479 1530 869 928 784 625 562 727 1347 1311 1377 1373 1538 1668 1709 1598 1661 1787 1848 1933 2030 1956 2084 2149 2250 1370 1579 1695 1739 1509 1545 1826 1789 1701 1654 1888 2093 1801 1885 1878 1857 1866 1639 1471 1528 1617 1345
984 964 918 1016 1135 1167 1200 1100 1175 998 927 1592 1248 1480 1471 1446 1372 998 1341 1424 1140 974 945 1063 1083 1250 1059 1190 1167 1389 1406 1519 1446 1564 1801 1554 1749 772 903 664 611 528 581 643 596 699 0 235 226 320 381 450 210 362 358 754 825 586 729 594 568 1003 900 784 851 970 832 979 1016 969 1089 1168 1159 1123 1037 1147 1122 1157 1190 1215 1267 1000 1148 1172 1253 1230 1335 1315 1339 747 799 806 691 489 445 1204 1105 1172 1165 1348 1459 1501 1390 1453 1578 1639 1734 1822 1794 1911 1946 2045 1161 1370 1486 1531 1301 1337 1624 1786 1494 1482 1715 1895 1592 1676 1670 1649 1658 1431 1263 1378 1451 918
763 743 781 917 1041 1060 979 879 954 777 706 1371 1027 1259 1250 1225 1266 777 1391 1505 1269 1075 953 1070 1091 1261 1160 1291 1296 1448 1506 1569 1546 1665 1851 1604 1850 779 905 671 625 586 585 646 597 700 184 0 127 99 180 392 249 346 415 743 731 490 508 373 356 1053 1000 834 900 1020 882 1028 1066 1018 1139 1218 1208 1173 1086 1197 1172 1206 1239 1265 1317 1050 1198 1222 1303 1280 1385 1365 1389 854 942 980 820 691 647 1253 1154 1222 1215 1398 1509 1550 1439 1502 1628 1689 1784 1872 1843 1961 1995 2095 1211 1420 1536 1580 1351 1387 1674 1836 1544 1531 1765 1944 1642 1726 1719 1699 1707 1480 1313 1428 1501 824
816 796 833 970 1132 1112 1031 932 1007 829 759 1423 1080 1312 1303 1277 1319 830 1422 1460 1212 1010 855 973 993 1164 1095 1226 1238 1350 1441 1556 1481 1600 1899 1652 1785 682 808 574 528 537 488 549 500 603 175 120 0 149 169 312 226 437 353 834 821 580 561 426 409 1100 1048 882 948 1046 929 1055 1104 1045 1165 1244 1239 1220 1134 1245 1220 1254 1287 1312 1365 1098 1246 1269 1351 1328 1433 1413 1437 902 974 956 771 664 619 1301 1181 1248 1241 1424 1535 1577 1466 1529 1654 1715 1810 1898 1870 1987 2022 2121 1237 1446 1562 1607 1377 1413 1700 1862 1570 1558 1791 1971 1668 1752 1746 1725 1734 1507 1339 1454 1527 915
785 765 802 942 1119 1081 1000 900 975 798 727 1392 1048 1281 1272 1246 1288 798 1475 1552 1303 1102 947 1065 1085 1255 1187 1318 1330 1442 1533 1648 1573 1692 1935 1688 1877 774 900 666 620 629 580 640 592 695 277 100 153 0 154 385 342 427 448 821 808 567 533 398 378 1137 1084 918 984 1104 966 1112 1150 1102 1223 1302 1293 1257 1170 1281 1256 1291 1323 1349 1401 1134 1282 1306 1387 1364 1469 1449 1473 938 1026 1049 864 775 731 1337 1239 1306 1299 1482 1593 1634 1524 1586 1712 1773 1868 1956 1927 2045 2079 2179 1295 1504 1620 1664 1435 1471 1758 1920 1628 1615 1849 2028 1726 1810 1803 1783 1792 1564 1397 1512 1585 902
690 670 707 936 1193 986 905 805 880 703 632 1297 954 1186 1177 1151 1193 703 1477 1515 1266 1065 910 1028 1048 1218 1150 1281 1293 1405 1496 1611 1536 1655 1956 1709 1840 737 863 629 583 593 543 603 555 658 329 173 164 133 0 329 342 501 416 895 882 641 463 323 282 1158 1106 939 1006 1104 987 1112 1162 1102 1223 1301 1296 1278 1192 1302 1277 1312 1345 1370 1422 1155 1303 1327 1408 1385 1490 1470 1494 959 1047 1012 828 779 735 1359 1238 1306 1299 1481 1593 1634 1523 1586 1712 1773 1867 1956 1927 2044 2079 2179 1295 1504 1620 1664 1434 1470 1757 1919 1627 1615 1849 2028 1726 1810 1803 1782 1791 1564 1396 1512 1584 976
754 734 771 1000 1321 1050 969 870 945 767 697 1361 1018 1250 1241 1215 1257 784 1404 1443 1194 992 838 955 976 1146 1078 1209 1221 1333 1424 1538 1464 1582 1884 1637 1768 664 757 556 510 521 470 531 466 507 398 385 309 361 323 0 292 629 351 938 1010 769 527 407 301 1086 1033 867 933 1031 915 1040 1090 1030 1151 1229 1224 1206 1119 1230 1205 1239 1272 1298 1350 1083 1231 1255 1336 1313 1418 1398 1422 887 975 940 755 709 723 1286 1166 1233 1227 1409 1521 1562 1451 1514 1639 1700 1795 1884 1855 1972 2007 2106 1223 1431 1548 1592 1362 1398 1685 1847 1555 1543 1776 1956 1653 1737 1731 1710 1719 1492 1324 1439 1512 1104
940 920 955 1053 1173 1204 1156 1056 1131 954 883 1548 1204 1436 1428 1402 1410 953 1284 1322 1039 872 772 890 910 1081 957 1088 1065 1267 1303 1418 1343 1462 1831 1596 1647 599 730 491 438 355 408 470 423 526 159 242 223 317 342 267 0 453 185 845 862 623 714 594 492 1045 925 826 893 991 874 999 1049 989 1110 1189 1183 1165 1079 1189 1164 1199 1232 1257 1309 1042 1190 1214 1295 1272 1327 1357 1381 772 824 774 590 514 470 1246 1125 1193 1186 1368 1480 1521 1410 1473 1599 1660 1755 1843 1814 1931 1966 2066 1182 1391 1507 1551 1321 1357 1644 1807 1514 1502 1736 1915 1613 1697 1690 1670 1678 1451 1283 1399 1471 956
930 976 840 936 1055 1087 1196 1111 1186 1009 938 1603 1260 1492 1483 1457 1292 1009 1269 1383 1155 953 1207 1235 1326 1229 1039 1170 1182 1368 1385 1447 1425 1543 1730 1483 1729 1034 1165 926 873 790 843 905 858 961 311 345 432 402 501 625 447 0 620 682 744 505 687 604 589 931 879 712 779 899 760 907 945 897 1018 1096 1087 1051 965 1075 1051 1085 1118 1143 1196 929 1076 1100 1181 1158 1264 1243 1268 732 821 859 782 580 535 1132 1033 1100 1094 1276 1388 1429 1318 1381 1506 1568 1662 1751 1722 1839 1874 1974 1090 1299 1415 1459 1229 1265 1552 1714 1422 1410 1643 1823 1521 1605 1598 1577 1586 1359 1191 1306 1379 838
896 876 914 1142 1339 1192 1111 1012 1087 909 839 1504 1160 1392 1383 1357 1399 908 1206 1244 987 794 640 757 777 948 879 1010 1014 1134 1225 1340 1265 1384 1754 1531 1569 466 592 358 312 304 272 333 286 389 326 408 350 423 416 325 178 573 0 849 1029 789 669 549 460 996 944 777 844 942 825 950 1000 941 1061 1140 1135 1116 1030 1140 1116 1150 1183 1208 1261 994 1142 1165 1247 1224 1275 1309 1333 798 863 723 538 492 581 1197 1077 1144 1137 1320 1431 1472 1362 1424 1550 1611 1706 1794 1765 1883 1917 2017 1133 1342 1458 1502 1273 1309 1596 1758 1466 1454 1687 1867 1564 1648 1642 1621 1630 1402 1235 1350 1423 1122
971 1160 881 739 714 751 1044 1290 1373 1212 1179 1790 1446 1678 1670 1623 956 1354 1108 1222 1062 860 1184 1142 1232 1136 945 1076 1088 1275 1292 1286 1332 1404 1568 1321 1569 1029 1232 931 950 881 981 1041 993 1095 703 742 829 796 895 894 839 644 858 0 404 468 938 998 983 770 717 551 617 661 388 707 754 763 848 1003 907 890 804 914 889 924 957 982 1034 767 915 939 1020 997 1102 1082 1106 571 659 749 748 720 491 759 901 978 1000 1144 1294 1336 1225 1288 1413 1474 1569 1657 1629 1746 1781 1880 996 1205 1321 1366 1127 1172 1459 1455 1329 1317 1550 1483 1427 1511 1505 1484 1493 1266 1098 1174 1286 457
810 1000 721 454 403 465 758 1103 1088 1052 1018 1504 1161 1393 1384 1337 671 1194 1512 1626 1466 1265 1589 1546 1637 1541 1350 1481 1493 1680 1696 1690 1736 1809 1973 1726 1974 1434 1574 1335 1282 1199 1252 1314 1268 1370 773 730 816 784 882 1006 856 697 1027 387 0 334 778 985 970 1174 1122 955 1022 1065 792 1112 1158 1168 1253 1408 1312 1294 1208 1318 1294 1328 1361 1386 1439 1172 1319 1343 1424 1402 1507 1486 1511 976 1064 1154 1152 1124 895 1056 1306 1383 1405 1549 1699 1740 1629 1692 1818 1879 1974 2062 2033 2150 2185 2285 1401 1610 1726 1770 1532 1576 1825 1860 1733 1721 1798 1731 1832 1916 1909 1889 1897 1670 1502 1579 1690 477
598 788 508 430 634 581 800 918 1005 839 806 1422 1079 1311 1302 1275 786 982 1577 1691 1524 1322 1377 1494 1515 1598 1408 1539 1550 1737 1754 1755 1794 1873 2037 1790 2038 1204 1334 1095 1043 960 1013 1075 1028 1131 534 488 575 543 641 765 617 458 788 451 303 0 486 716 729 1239 1186 1020 1086 1130 856 1176 1223 1232 1317 1465 1376 1359 1272 1383 1358 1392 1425 1451 1503 1236 1384 1408 1489 1466 1571 1551 1575 1040 1128 1218 1141 939 894 1149 1370 1447 1463 1613 1757 1798 1687 1750 1875 1937 2031 2120 2091 2208 2243 2343 1459 1667 1784 1828 1596 1634 1919 1924 1791 1779 1891 1824 1890 1974 1967 1946 1955 1728 1560 1643 1748 549
387 476 344 558 917 759 653 611 686 486 416 1103 760 992 983 957 966 591 1737 1775 1527 1325 1171 1288 1309 1479 1410 1542 1553 1665 1757 1871 1797 1915 2199 1952 2101 997 1123 889 843 852 803 864 815 918 677 501 556 509 488 533 725 640 681 922 747 474 0 416 500 1401 1349 1182 1249 1347 1230 1355 1405 1345 1466 1545 1539 1521 1435 1545 1520 1555 1588 1613 1666 1399 1546 1570 1651 1628 1733 1713 1737 1202 1290 1271 1086 1040 1042 1602 1481 1549 1542 1724 1836 1877 1766 1829 1955 2016 2111 2199 2170 2287 2322 2422 1538 1747 1863 1907 1677 1713 2000 2163 1870 1858 2092 2271 1969 2053 2046 2026 2034 1807 1639 1755 1827 1019
684 664 702 901 1229 981 900 800 875 677 606 1292 948 1180 1171 1146 1187 459 1596 1634 1386 1184 1030 1147 1168 1338 1269 1401 1412 1524 1616 1730 1656 1774 2058 1811 1960 856 982 748 702 711 662 723 674 777 543 366 421 374 323 392 584 557 540 965 954 714 392 0 237 1260 1208 1041 1108 1206 1089 1214 1264 1204 1325 1404 1398 1380 1294 1404 1379 1414 1447 1472 1525 1258 1405 1429 1510 1487 1592 1572 1596 1061 1149 1130 945 899 908 1461 1340 1408 1401 1583 1695 1736 1625 1688 1814 1875 1970 2058 2029 2146 2181 2281 1397 1606 1722 1766 1536 1572 1859 2022 1729 1717 1951 2130 1828 1912 1905 1885 1893 1666 1498 1614 1686 1079
734 714 752 980 1281 1030 949 850 925 747 677 1342 998 1230 1221 1195 1237 548 1508 1546 1298 1096 942 1059 1080 1250 1181 1313 1324 1436 1528 1642 1568 1686 1970 1723 1871 768 887 660 614 623 574 635 586 637 516 349 404 357 282 278 487 542 451 925 939 727 483 230 0 1172 1120 953 1020 1118 1001 1126 1176 1116 1237 1315 1310 1292 1206 1316 1291 1326 1359 1384 1436 1169 1317 1341 1422 1399 1504 1484 1508 973 1061 1042 857 811 841 1373 1252 1320 1313 1495 1607 1648 1537 1600 1726 1787 1881 1970 1941 2058 2093 2193 1309 1518 1634 1678 1448 1484 1771 1933 1641 1629 1863 2042 1740 1824 1817 1796 1805 1578 1410 1526 1598 1064
1636 1623 1636 1534 1495 1533 1829 1754 1824 1675 1591 2238 1895 2127 2118 2092 1766 1643 492 583 605 803 1145 984 1065 969 778 820 843 933 743 647 756 766 909 662 910 1024 1227 925 945 882 987 1048 1119 1210 1002 1052 1106 1128 1164 1091 1077 931 1031 769 1173 1238 1404 1284 1195 0 281 258 189 232 496 200 198 294 319 453 286 249 178 279 220 254 327 344 399 189 286 344 420 364 507 423 434 446 386 617 675 823 616 788 495 440 557 744 860 901 790 853 979 1040 1135 1223 1194 1312 1346 1446 568 711 889 793 480 624 1016 1178 886 873 1107 1286 988 1069 1064 1077 1058 822 655 774 843 1227
1620 1607 1620 1519 1480 1517 1813 1739 1809 1660 1576 2223 1879 2111 2102 2077 1750 1628 593 707 699 722 1037 1003 1094 998 807 938 944 1057 867 771 880 890 1053 806 1055 882 1085 783 803 740 845 906 977 1068 927 1037 1090 1113 1148 1076 952 915 991 753 1158 1222 1388 1269 1180 279 0 224 248 398 531 373 407 467 527 652 503 424 397 403 397 471 460 470 523 313 404 433 510 488 596 567 613 312 220 417 533 681 481 843 674 657 732 917 1035 1076 966 1028 1154 1215 1310 1398 1369 1487 1521 1621 743 886 1064 967 655 799 1191 1353 1061 1048 1282 1461 1163 1244 1239 1252 1234 997 830 947 1018 1211
1421 1408 1421 1320 1281 1318 1614 1539 1609 1461 1377 2024 1680 1912 1903 1878 1551 1429 585 699 691 734 1049 1015 1106 1010 819 936 936 1049 859 763 872 881 1045 798 1046 894 1097 795 815 752 857 918 950 1053 788 837 891 914 949 877 863 716 817 554 959 1023 1189 1070 981 256 199 0 111 259 330 252 286 345 425 583 417 412 296 394 378 413 452 462 514 283 395 425 501 480 588 559 593 267 264 487 545 631 401 642 496 570 619 739 921 962 852 914 1040 1101 1196 1284 1255 1373 1407 1507 629 845 950 928 614 759 1086 1194 956 943 1177 1316 1058 1139 1134 1147 1120 892 725 769 913 1012
1490 1477 1490 1389 1349 1387 1683 1608 1678 1529 1445 2092 1749 1981 1972 1946 1620 1497 536 650 641 802 1118 1051 1132 1036 845 887 888 1000 810 714 824 833 997 750 998 963 1165 864 884 821 925 987 1018 1121 856 906 960 982 1018 946 931 785 886 623 1028 1092 1258 1138 1049 198 223 110 0 171 372 180 217 274 367 525 359 354 238 346 320 355 403 413 466 225 347 376 453 431 539 510 535 335 332 555 614 699 470 685 481 512 603 724 899 940 829 892 1017 1078 1173 1262 1233 1350 1385 1484 606 787 927 869 556 701 1063 1178 933 921 1154 1300 1036 1117 1111 1124 1097 870 702 754 890 1081
1599 1586 1574 1454 1415 1452 1749 1718 1788 1639 1555 2202 1858 2090 2081 2056 1685 1607 595 709 699 897 1236 1109 1191 1094 904 946 946 1059 869 773 882 891 1040 792 1041 1081 1283 982 1002 961 1043 1105 1128 1231 986 1036 1069 1112 1127 1055 1041 914 995 689 1093 1158 1368 1248 1159 228 347 256 167 0 329 116 172 169 279 462 315 384 276 404 350 385 458 472 524 284 406 435 511 490 598 553 565 475 472 695 754 839 610 641 374 442 497 618 792 834 723 786 911 972 1067 1155 1127 1244 1279 1378 500 719 821 902 589 670 957 1072 827 815 1048 1194 930 1010 1005 1018 991 764 596 648 784 1098
1392 1476 1301 1181 1142 1179 1476 1607 1677 1528 1444 2091 1747 1980 1971 1945 1412 1496 859 973 963 862 1186 1143 1234 1137 947 1078 1090 1276 1133 1037 1146 1155 1304 1056 1305 1031 1233 932 934 859 994 1055 1017 1120 855 905 958 981 1016 944 930 783 884 416 820 885 1257 1137 1048 492 496 328 368 301 0 357 409 406 515 653 552 648 539 668 614 649 722 736 788 548 670 699 775 754 862 817 829 503 500 723 726 698 469 400 542 619 647 785 941 982 871 934 1060 1121 1216 1304 1275 1392 1427 1527 648 867 969 1051 782 818 1105 1096 975 963 1197 1123 1078 1159 1153 1167 1139 912 744 815 932 825
1586 1574 1601 1482 1443 1480 1776 1705 1775 1626 1542 2189 1845 2078 2069 2043 1713 1594 564 678 668 866 1208 1078 1159 1063 872 915 915 1027 838 742 851 860 1008 761 1009 1068 1270 969 989 942 1031 1092 1115 1218 973 1023 1056 1099 1114 1042 1028 901 982 716 1121 1185 1355 1235 1146 197 316 245 171 88 329 0 129 154 257 440 294 353 244 373 319 353 426 440 493 252 374 404 480 458 566 522 533 470 445 676 735 834 605 649 362 421 484 605 780 821 710 773 898 959 1054 1143 1114 1231 1266 1366 487 706 808 872 558 657 944 1059 814 802 1035 1181 917 998 992 1005 978 751 583 635 771 1125
1644 1631 1654 1534 1495 1532 1828 1763 1833 1684 1600 2247 1903 2135 2126 2101 1765 1652 587 678 702 900 1241 1078 1159 1063 873 915 938 1028 838 742 851 860 1004 756 1005 1118 1320 1019 1039 975 1080 1142 1173 1276 1025 1075 1114 1151 1172 1100 1086 953 1040 768 1173 1237 1413 1293 1204 194 349 278 205 144 381 120 0 165 184 359 206 298 154 373 314 349 422 438 493 286 381 437 514 459 600 517 529 504 479 710 768 868 639 707 361 348 454 625 813 854 744 806 932 993 1088 1176 1147 1265 1299 1399 521 665 842 748 434 579 969 1080 839 827 1060 1202 941 1022 1017 1030 1012 775 608 655 796 1177
1572 1559 1591 1531 1492 1529 1797 1690 1760 1612 1527 2175 1831 2063 2054 2028 1762 1580 657 771 762 884 1208 1166 1253 1157 966 1008 1008 1121 931 835 944 954 1077 830 1078 1053 1256 954 974 1014 1016 1077 1101 1203 959 1008 1042 1084 1100 1028 1014 887 968 765 1170 1234 1340 1221 1132 290 409 338 264 141 378 148 163 0 142 348 259 422 260 467 412 447 520 534 587 346 468 497 574 552 660 591 627 535 532 755 813 867 638 634 283 312 405 526 765 806 695 758 884 945 1040 1128 1099 1217 1251 1351 473 691 794 838 524 643 922 980 792 780 1014 1102 895 976 978 984 963 736 569 556 741 1174
1709 1696 1728 1640 1601 1639 1935 1827 1897 1749 1665 2312 1968 2200 2191 2166 1872 1717 710 801 825 1021 1346 1202 1283 1186 996 1038 1061 1151 961 846 974 947 1023 776 1024 1191 1393 1092 1112 1099 1153 1214 1238 1341 1096 1145 1179 1221 1237 1165 1151 1024 1105 875 1279 1344 1477 1358 1269 316 473 423 349 251 487 248 182 139 0 294 166 330 238 497 438 472 507 561 617 410 504 561 637 582 724 536 582 648 603 834 892 1004 775 771 275 263 369 563 749 790 679 742 868 929 1024 1112 1083 1201 1235 1335 457 670 777 753 439 584 904 1018 774 762 996 1140 877 958 952 966 947 711 543 587 728 1284
1765 1752 1784 1752 1713 1750 1990 1883 1953 1804 1720 2368 2024 2256 2247 2221 1983 1772 682 773 825 1022 1341 1173 1255 1158 968 1010 1033 1123 933 698 946 799 874 627 875 1246 1449 1147 1167 1207 1209 1270 1294 1396 1151 1201 1235 1277 1293 1221 1207 1080 1161 986 1391 1449 1533 1413 1324 449 619 580 506 434 619 431 357 346 267 0 212 311 320 453 417 426 358 469 543 494 476 559 612 554 711 388 433 805 749 980 1006 1060 831 839 276 135 197 643 600 641 531 593 719 780 875 963 934 1052 1086 1186 308 527 629 636 322 467 756 918 626 614 847 1027 728 809 804 817 799 562 395 518 583 1399
1768 1756 1788 1677 1638 1675 1972 1887 1957 1808 1724 2371 2027 2259 2251 2225 1908 1776 626 717 755 953 1285 1117 1199 1102 912 954 977 1067 877 736 890 837 912 665 913 1233 1435 1134 1154 1091 1195 1257 1297 1400 1155 1205 1238 1281 1296 1224 1210 1083 1164 912 1316 1381 1537 1417 1328 282 465 414 340 288 524 285 204 256 139 208 0 194 153 412 353 388 390 477 532 340 420 500 556 498 655 426 471 639 594 825 884 1003 774 831 325 202 329 651 657 698 587 650 776 837 932 1020 991 1109 1143 1243 365 549 686 631 318 462 813 975 683 670 904 1083 785 866 861 874 855 619 452 580 640 1321
1780 1768 1780 1679 1640 1677 1974 1899 1969 1820 1736 2383 2039 2271 2263 2237 1910 1788 595 686 724 922 1254 1086 1167 1071 880 923 946 1035 846 700 859 801 877 630 878 1159 1362 1060 1080 1017 1122 1183 1254 1345 1147 1197 1250 1273 1308 1236 1222 1075 1176 914 1318 1383 1549 1429 1340 241 391 401 327 349 612 338 290 419 303 307 190 0 208 381 322 356 355 446 501 308 389 468 525 466 624 391 436 581 521 752 810 958 758 933 486 372 391 817 694 735 624 687 812 874 968 1057 1028 1145 1180 1280 401 544 722 627 313 458 849 1011 719 707 940 1120 822 903 897 910 892 656 488 617 676 1371
1673 1660 1672 1571 1532 1569 1866 1791 1861 1712 1628 2275 1932 2164 2155 2129 1803 1680 522 613 651 849 1181 1013 1094 998 807 850 873 963 773 677 786 795 939 691 940 1112 1314 1013 1033 969 1074 1135 1201 1298 1039 1089 1143 1165 1200 1128 1114 968 1068 806 1210 1275 1441 1321 1232 170 343 293 219 241 504 230 152 257 212 317 149 173 0 308 249 284 357 373 428 235 316 395 452 394 551 452 464 518 473 704 762 882 653 825 415 307 434 718 760 801 690 753 879 940 1035 1123 1094 1211 1246 1346 467 580 779 662 349 494 915 1078 785 773 1007 1186 888 969 963 977 958 722 554 683 742 1264
1771 1758 1770 1669 1630 1667 1964 1889 1959 1810 1726 2373 2030 2262 2253 2227 1901 1778 361 456 520 718 1024 856 937 841 650 693 713 806 616 520 629 638 797 550 798 1115 1318 1016 1036 973 1078 1139 1210 1301 1137 1187 1241 1263 1298 1226 1185 1066 1166 904 1308 1373 1539 1419 1330 279 347 357 347 370 634 360 346 458 455 450 392 332 282 0 142 263 179 162 152 193 107 209 283 221 381 311 355 537 477 708 766 914 714 954 628 540 533 910 836 877 767 829 955 1016 1055 1199 1170 1288 1322 1422 544 719 865 711 488 633 992 1154 862 849 1083 1262 964 1045 1040 1053 1035 798 631 759 819 1362
1744 1731 1744 1643 1604 1641 1937 1863 1933 1784 1700 2347 2003 2235 2226 2201 1874 1752 367 458 506 704 1026 858 939 843 652 695 718 807 617 522 631 640 769 522 771 1102 1304 1003 1023 960 1064 1126 1197 1288 1111 1161 1214 1237 1272 1200 1171 1039 1140 877 1282 1346 1512 1393 1304 222 334 343 291 312 576 302 289 400 398 413 334 275 225 147 0 137 138 148 238 176 161 240 297 238 395 283 314 523 463 694 753 900 700 897 592 493 497 853 800 841 730 793 919 980 1027 1163 1134 1251 1286 1386 508 680 828 683 449 593 955 1118 825 813 1047 1226 928 1009 1003 1017 998 762 594 723 782 1335
1785 1772 1784 1683 1644 1682 1978 1903 1973 1824 1740 2387 2044 2276 2267 2241 1915 1792 488 579 628 826 1147 980 1061 965 774 816 840 929 739 573 752 674 749 502 750 1212 1415 1113 1133 1070 1175 1236 1307 1398 1151 1201 1255 1277 1313 1240 1226 1080 1180 918 1322 1387 1553 1433 1344 262 444 405 331 353 617 343 329 441 438 422 375 315 265 271 135 0 130 251 337 221 282 362 418 360 517 263 284 630 574 804 863 994 765 937 601 513 506 893 809 850 739 802 928 989 1007 1172 1143 1260 1295 1395 516 689 837 663 458 603 964 1127 834 822 1056 1235 937 1018 1012 1026 1007 771 603 732 791 1376
1831 1818 1831 1730 1691 1728 2024 1949 2019 1871 1787 2434 2090 2322 2313 2288 1961 1839 438 529 580 778 1097 929 1010 914 723 766 789 879 689 473 702 574 650 403 651 1176 1378 1077 1097 1034 1138 1200 1271 1362 1198 1247 1301 1324 1359 1287 1245 1126 1227 964 1369 1433 1599 1480 1391 330 408 417 399 421 685 411 397 509 480 355 386 319 333 176 136 127 0 123 206 253 232 314 368 309 467 163 175 597 537 768 827 974 774 1005 533 445 438 901 741 782 672 734 860 921 907 1098 1075 1193 1227 1327 449 619 770 564 388 533 897 1059 767 754 988 1167 869 950 945 958 940 703 536 664 724 1422
1841 1828 1841 1740 1701 1738 2034 1960 2030 1881 1797 2444 2100 2332 2323 2298 1971 1849 443 539 590 788 1107 939 1020 924 733 776 795 889 699 597 712 698 773 526 774 1186 1388 1087 1107 1044 1149 1210 1281 1372 1208 1258 1311 1334 1369 1297 1256 1136 1237 974 1379 1443 1609 1490 1401 350 418 427 418 441 704 430 417 528 526 465 462 403 353 159 146 249 105 0 147 263 226 324 378 311 477 287 292 607 547 778 837 984 785 1025 644 555 549 981 852 893 782 845 970 1032 1031 1215 1186 1303 1338 1438 559 735 880 687 504 648 1007 1169 877 865 1098 1278 980 1061 1055 1068 1050 814 646 775 834 1432
1891 1878 1890 1789 1750 1788 2084 2009 2079 1930 1846 2493 2150 2382 2373 2347 2021 1898 300 444 610 759 1037 870 951 855 664 653 652 772 629 460 627 561 841 594 746 1235 1438 1136 1156 1093 1198 1259 1330 1421 1257 1307 1361 1383 1419 1346 1305 1186 1286 1024 1428 1493 1659 1539 1450 399 467 477 468 490 754 480 466 578 575 539 512 452 402 148 236 334 188 145 0 313 227 273 258 168 393 355 302 657 597 828 886 1034 834 1074 718 630 623 1030 926 967 856 919 1045 1106 1099 1289 1260 1377 1412 1512 633 809 954 755 578 723 1081 1244 951 939 1173 1352 1054 1135 1129 1143 1124 888 720 849 908 1482
1668 1656 1668 1567 1528 1565 1862 1787 1857 1708 1624 2271 1927 2159 2151 2125 1798 1676 327 471 415 613 954 898 979 883 692 680 679 799 657 561 671 680 841 594 842 1050 1252 951 971 908 1012 1074 1144 1236 1035 1085 1138 1161 1196 1124 1110 963 1064 802 1206 1271 1437 1317 1228 184 281 289 215 262 526 252 276 350 386 491 326 267 217 189 175 218 230 255 310 0 129 167 244 261 330 355 401 471 411 642 700 848 648 846 559 485 574 802 877 919 808 871 996 1057 1099 1240 1212 1329 1364 1463 585 755 906 755 524 669 1033 1195 903 891 1124 1304 1006 1086 1081 1094 1076 840 672 800 860 1259
1770 1757 1770 1669 1630 1667 1963 1888 1958 1809 1725 2373 2029 2261 2252 2226 1900 1777 308 444 448 646 988 845 926 830 639 660 659 779 604 508 617 627 819 572 812 1115 1317 1016 1036 972 1077 1138 1209 1301 1136 1186 1240 1262 1298 1226 1184 1065 1166 903 1308 1372 1538 1418 1329 297 346 356 344 391 651 381 368 479 477 471 413 353 304 104 161 282 207 212 224 81 0 116 223 169 298 333 378 536 476 707 765 913 713 976 650 561 555 932 858 899 788 851 977 1038 1077 1221 1192 1309 1344 1444 565 741 886 733 510 655 1013 1175 883 871 1104 1284 986 1067 1061 1074 1056 820 652 781 840 1361
1805 1792 1805 1704 1664 1702 1998 1923 1993 1844 1760 2407 2064 2296 2287 2261 1935 1812 256 400 451 599 941 852 933 837 646 609 607 727 611 515 625 634 906 658 819 1149 1352 1050 1070 1007 1112 1173 1244 1336 1171 1221 1275 1297 1333 1260 1219 1100 1200 938 1343 1407 1573 1453 1364 332 381 391 383 430 686 420 444 518 554 558 494 435 385 206 245 365 294 315 272 119 112 0 154 165 218 419 465 571 511 742 800 948 748 1014 727 648 641 970 944 986 875 938 1063 1124 1163 1307 1279 1396 1431 1530 652 827 973 819 595 740 1100 1262 970 958 1191 1371 1073 1153 1148 1161 1143 907 739 867 927 1396
1879 1866 1879 1778 1739 1776 2072 1997 2067 1919 1834 2482 2138 2370 2361 2335 2009 1887 154 298 421 570 911 755 891 765 604 507 505 625 544 475 551 576 925 619 761 1156 1358 1083 1103 1082 1145 1206 1277 1368 1246 1295 1349 1371 1407 1335 1293 1174 1275 1012 1417 1481 1647 1528 1438 407 455 465 459 507 760 496 505 594 614 609 550 491 441 279 299 419 345 352 256 196 220 154 0 100 198 470 516 645 585 816 859 1022 822 1091 788 699 692 1047 995 1037 926 989 1114 1175 1183 1358 1330 1447 1482 1581 703 878 1024 870 647 792 1151 1313 1021 1009 1242 1422 1124 1204 1199 1212 1194 958 790 918 978 1470
1871 1858 1871 1770 1731 1768 2064 1989 2059 1911 1827 2474 2130 2362 2353 2328 2001 1879 179 323 483 632 937 781 896 791 609 532 531 651 570 466 576 567 898 611 753 1187 1390 1109 1129 1074 1170 1232 1303 1394 1238 1287 1341 1364 1399 1327 1286 1166 1267 1004 1409 1473 1639 1520 1431 380 448 457 448 470 734 460 447 558 556 550 492 433 383 218 240 361 287 291 166 213 166 156 96 0 253 412 457 637 577 808 867 1014 815 1055 729 641 634 1011 937 978 867 930 1056 1117 1156 1300 1271 1389 1423 1523 645 820 965 812 589 734 1092 1255 962 950 1184 1363 1065 1146 1140 1154 1135 899 731 860 919 1462
1968 1955 1967 1866 1827 1864 2161 2086 2156 2007 1923 2570 2227 2459 2450 2424 2098 1975 324 471 348 497 839 794 930 890 764 607 566 750 717 638 724 749 1055 792 934 1083 1285 1015 1035 1033 1076 1138 1208 1300 1334 1384 1438 1460 1495 1423 1335 1263 1284 1101 1505 1570 1736 1616 1527 495 544 554 546 593 849 583 604 681 713 708 649 590 540 378 397 518 444 450 392 282 294 218 192 252 0 569 615 734 674 807 786 973 911 1177 886 798 791 1133 1094 1135 1024 1087 1213 1274 1313 1457 1428 1546 1580 1680 802 977 1123 969 746 891 1250 1412 1120 1107 1341 1520 1222 1303 1298 1311 1293 1056 889 1017 1077 1559
1934 1914 1935 1812 1787 1824 2116 2049 2124 1947 1876 2541 2197 2430 2421 2395 2029 1946 545 636 688 886 1114 946 1027 931 741 873 896 913 706 310 593 455 477 241 493 1283 1486 1184 1204 1141 1246 1307 1378 1469 1254 1354 1405 1415 1466 1369 1347 1195 1332 972 1445 1538 1683 1568 1466 431 515 525 500 522 785 511 498 588 510 384 422 355 434 308 281 260 157 285 352 321 335 413 471 411 565 0 141 705 645 876 934 1082 882 954 563 475 468 931 771 812 701 764 890 951 743 934 1105 1223 1240 1339 473 550 626 360 423 431 926 1089 797 784 1018 1197 895 979 972 952 969 733 565 694 753 1411
1960 1940 1961 1838 1813 1850 2143 2075 2150 1973 1902 2567 2224 2456 2447 2421 2055 1972 591 682 733 931 1168 1000 1081 985 794 919 942 967 759 364 647 509 585 320 578 1329 1531 1230 1250 1187 1291 1353 1424 1515 1280 1380 1431 1441 1492 1395 1392 1222 1359 998 1471 1565 1709 1594 1492 442 561 570 511 533 796 522 509 621 555 430 467 400 445 351 312 281 168 289 299 366 381 458 516 457 611 128 0 750 690 921 980 1127 927 999 609 520 514 977 817 858 747 810 935 996 850 1041 1151 1268 1303 1402 519 681 758 492 468 562 972 1134 842 830 1063 1243 941 1024 1018 997 1015 779 611 740 799 1437
1433 1413 1434 1312 1286 1323 1616 1549 1624 1446 1376 2024 1683 1922 1913 1882 1528 1446 709 853 717 542 848 806 902 815 622 741 730 894 954 887 995 1050 1205 949 1207 703 906 604 624 561 666 727 798 890 743 853 905 914 966 868 766 695 810 471 945 1038 1182 1067 966 439 277 260 327 448 475 468 492 533 622 802 635 548 513 559 554 628 602 627 680 444 560 584 665 642 747 714 765 0 188 326 354 502 301 729 669 746 792 912 1094 1135 1024 1087 1213 1274 1369 1457 1428 1545 1580 1680 796 1005 1121 1088 815 959 1258 1367 1128 1116 1350 1488 1227 1311 1304 1284 1292 1065 897 942 1085 910
1521 1501 1522 1400 1374 1411 1704 1637 1712 1534 1464 2112 1771 2010 2001 1970 1617 1534 649 793 729 589 900 857 953 867 674 793 743 946 947 827 961 990 1145 889 1147 755 958 656 676 613 718 779 850 941 796 941 971 1002 1054 956 819 783 862 559 1033 1126 1270 1156 1054 379 195 257 324 445 472 465 489 530 601 749 598 488 488 499 494 568 542 567 620 384 500 524 605 582 687 654 705 178 0 246 406 554 354 725 666 743 789 909 1091 1132 1021 1084 1210 1271 1366 1454 1425 1542 1577 1677 793 970 1118 1028 755 899 1255 1363 1125 1113 1347 1485 1224 1308 1301 1280 1289 1062 894 939 1082 998
1484 1464 1501 1490 1464 1501 1699 1599 1675 1497 1427 2075 1734 1973 1964 1933 1706 1496 778 890 483 342 689 635 777 725 533 652 496 805 865 956 906 1044 1376 1119 1221 614 817 515 535 472 577 638 709 800 802 979 952 1024 1012 914 768 820 721 649 1123 1216 1233 1118 1017 610 392 480 547 668 695 688 712 753 831 979 829 719 719 730 725 799 773 798 850 615 731 755 836 813 798 885 936 306 239 0 263 413 360 948 889 966 1012 1132 1314 1355 1244 1307 1433 1494 1588 1677 1648 1765 1800 1900 1016 1201 1341 1259 985 1130 1478 1586 1348 1336 1570 1708 1447 1531 1524 1503 1512 1285 1117 1162 1305 1088
1299 1279 1317 1488 1463 1499 1514 1415 1490 1312 1242 1890 1549 1788 1780 1748 1705 1312 754 806 462 321 604 614 728 641 448 567 475 720 780 871 822 959 1321 1089 1137 459 662 360 362 287 422 483 540 645 688 813 768 840 828 730 584 735 537 647 1121 1138 1048 934 832 670 508 540 607 728 699 748 773 805 892 1004 889 779 779 790 785 859 833 858 911 675 791 815 854 873 777 945 996 336 394 248 0 228 342 984 941 1009 1002 1184 1296 1337 1226 1289 1415 1476 1570 1659 1630 1747 1782 1882 998 1207 1323 1319 1046 1173 1460 1623 1330 1318 1552 1731 1429 1513 1506 1485 1494 1267 1099 1215 1287 1086
1253 1233 1271 1369 1435 1472 1468 1369 1444 1266 1196 1844 1503 1742 1733 1702 1677 1266 895 947 649 509 694 773 828 782 590 709 662 862 922 1013 963 1101 1462 1230 1278 549 700 434 316 241 404 469 494 628 486 690 661 751 779 683 508 533 490 620 1094 936 1002 888 786 818 656 623 690 810 671 831 855 851 972 1050 998 927 876 938 933 996 981 1006 1058 823 939 963 1042 1021 965 1093 1144 483 542 398 208 0 228 956 987 1054 1048 1230 1342 1383 1272 1335 1460 1521 1616 1705 1676 1793 1828 1927 1044 1252 1369 1413 1183 1219 1506 1668 1376 1364 1597 1766 1475 1559 1552 1531 1540 1313 1145 1260 1333 1059
1300 1280 1227 1231 1206 1243 1515 1415 1491 1313 1243 1891 1550 1789 1780 1749 1448 1313 886 1013 751 576 816 839 935 848 655 774 764 927 988 1064 1029 1166 1383 1126 1344 672 848 573 464 389 552 617 642 776 441 645 616 707 735 697 464 489 579 391 864 892 1018 889 833 613 454 394 460 581 442 601 626 622 742 821 769 725 646 736 731 766 779 804 857 610 737 761 842 819 924 891 941 280 341 345 322 93 0 727 758 825 818 1001 1112 1154 1043 1106 1231 1292 1387 1475 1447 1564 1599 1698 814 1023 1139 1184 954 990 1277 1439 1147 1135 1368 1537 1245 1329 1323 1302 1311 1084 916 1031 1104 829
1652 1807 1562 1391 1366 1403 1696 1943 1972 1841 1770 2389 2045 2278 2269 2222 1579 1840 1151 1265 1256 1205 1530 1487 1577 1481 1290 1422 1433 1615 1425 1329 1439 1432 1507 1260 1509 1375 1577 1276 1278 1203 1337 1399 1361 1464 1148 1247 1299 1308 1360 1262 1270 1089 1226 659 718 1147 1577 1462 1360 785 808 640 681 614 372 642 692 632 753 841 826 905 826 957 904 939 985 1025 1078 811 959 982 1064 1041 1146 1021 1067 815 812 1035 1069 1042 813 0 768 845 839 1011 1133 1174 1063 1126 1251 1313 1407 1496 1467 1584 1619 1719 835 1043 1160 1204 974 1010 1297 1288 1167 1155 1297 1230 1266 1350 1343 1322 1331 1104 936 1042 1124 872
1701 1681 1719 1641 1616 1653 1916 1817 1892 1714 1644 2292 1951 2190 2181 2150 1858 1714 806 927 962 1017 1332 1280 1376 1290 1097 1152 1160 1227 1080 821 1095 966 1034 777 1035 1187 1390 1088 1108 1148 1150 1211 1235 1337 1041 1141 1173 1202 1234 1136 1143 983 1100 801 1173 1368 1450 1336 1234 492 616 493 472 347 513 355 358 280 249 272 320 442 409 617 582 591 519 634 707 524 640 695 775 716 859 542 594 659 652 874 927 866 724 682 0 192 122 372 676 717 606 669 795 856 951 1039 1010 1128 1162 1262 378 587 703 738 508 544 639 801 509 497 730 910 607 691 697 664 867 638 470 316 457 1240
1731 1711 1748 1698 1673 1709 1946 1846 1921 1744 1674 2321 1981 2220 2211 2180 1915 1743 717 838 897 1047 1362 1233 1320 1233 1040 1064 1071 1138 992 733 1006 878 945 688 946 1217 1420 1118 1138 1178 1180 1241 1264 1367 1071 1171 1202 1232 1264 1166 1173 1013 1130 857 1215 1417 1480 1365 1263 436 618 567 493 414 590 412 346 310 236 131 198 336 297 529 493 502 431 545 619 464 551 629 687 627 781 454 505 736 729 951 957 896 754 724 190 0 168 560 587 629 518 581 706 767 862 950 922 1039 1074 1173 289 498 614 650 420 456 743 905 613 601 834 1014 711 795 789 768 786 550 382 448 570 1296
1724 1704 1742 1691 1666 1703 1939 1840 1915 1737 1667 2315 1974 2213 2204 2173 1908 1737 710 832 890 1040 1355 1227 1313 1226 1034 1057 1065 1131 985 726 999 871 938 682 940 1210 1413 1111 1131 1171 1173 1234 1258 1361 1064 1164 1196 1225 1257 1159 1166 1006 1123 850 1209 1411 1473 1359 1257 542 692 614 585 460 584 468 452 403 342 193 324 347 424 522 487 496 424 539 612 530 545 622 680 620 775 447 498 779 772 995 950 889 747 717 119 164 0 494 581 622 511 574 700 761 855 944 915 1032 1067 1167 283 492 608 643 413 449 672 835 542 530 764 943 641 725 730 698 779 543 375 353 494 1289
1944 1924 1962 1885 1859 1896 2160 2060 2135 1957 1887 2535 2194 2433 2425 2394 2101 1957 1064 1208 1205 1260 1575 1524 1620 1533 1340 1433 1418 1507 1361 1189 1376 1334 1402 1145 1403 1431 1633 1332 1352 1391 1393 1454 1478 1581 1285 1384 1416 1445 1477 1379 1386 1226 1343 1044 1416 1611 1694 1579 1477 741 860 737 715 590 757 598 623 524 545 640 647 781 712 913 860 895 887 981 1034 767 915 938 1020 997 1102 910 961 902 895 1117 1170 1109 967 925 370 556 457 0 1044 1085 974 1037 1163 1224 1309 1406 1333 1460 1525 1627 746 955 1071 1106 876 912 969 627 876 833 1030 960 979 1063 1069 1036 1239 1006 838 417 670 1483
2056 2036 2073 2023 1998 2034 2271 2171 2247 2069 1999 2647 2306 2545 2536 2505 2240 2045 1054 1175 1233 1372 1687 1570 1657 1570 1377 1400 1408 1475 1328 1069 1343 1078 727 997 892 1466 1698 1431 1462 1499 1501 1558 1576 1667 1396 1496 1527 1557 1589 1491 1498 1338 1455 1182 1540 1742 1805 1690 1589 885 1035 946 917 792 915 800 838 790 749 607 684 690 779 865 830 839 767 882 955 873 888 965 1023 964 1118 790 842 1111 1104 1327 1282 1221 1079 1049 668 577 573 1019 0 158 242 212 152 253 418 436 346 474 539 640 339 502 348 494 612 622 1009 1048 866 769 1070 1276 642 667 559 809 478 563 510 729 818 1621
2097 2077 2114 2064 2039 2075 2312 2213 2288 2110 2040 2688 2347 2586 2577 2546 2281 2086 1095 1216 1275 1413 1728 1611 1698 1611 1418 1441 1449 1516 1369 1110 1384 1201 849 1066 1015 1507 1739 1472 1503 1541 1542 1599 1618 1708 1437 1537 1569 1598 1630 1532 1539 1379 1496 1223 1581 1784 1846 1731 1630 926 1076 987 958 833 956 841 879 831 790 648 725 732 820 906 871 880 808 923 997 914 929 1007 1065 1005 1159 832 883 1152 1145 1368 1323 1262 1120 1090 709 619 614 1060 154 0 283 308 249 281 540 464 374 502 567 668 380 579 449 608 653 676 1050 1089 907 810 1111 1317 683 708 600 850 499 604 551 770 859 1662
1995 1975 2013 1962 1937 1974 2211 2111 2186 2009 1938 2586 2245 2485 2476 2445 2179 1984 993 1115 1173 1312 1626 1510 1596 1509 1317 1340 1348 1414 1268 1009 1282 1154 885 965 1051 1405 1637 1371 1401 1439 1440 1498 1516 1606 1336 1435 1467 1497 1528 1430 1438 1277 1394 1122 1480 1682 1745 1630 1528 825 975 885 856 732 855 740 778 730 689 547 623 630 719 805 770 778 707 822 895 813 828 905 963 903 1058 730 781 1051 1044 1266 1221 1161 1018 988 607 517 513 959 239 269 0 315 361 427 576 620 531 659 723 825 219 412 455 581 520 522 877 916 734 637 938 1143 509 535 427 676 346 365 275 669 758 1561
2058 2038 2076 2025 2000 2037 2274 2174 2249 2072 2001 2649 2308 2548 2539 2508 2242 2047 1056 1177 1236 1374 1689 1572 1659 1572 1379 1403 1411 1477 1331 1072 1324 1017 665 935 831 1468 1700 1434 1464 1502 1503 1561 1579 1669 1399 1498 1530 1559 1591 1493 1501 1340 1457 1185 1543 1745 1808 1693 1591 888 1038 948 919 794 918 803 841 793 752 610 686 693 782 868 832 841 770 884 958 876 890 968 1026 966 1121 793 844 1113 1106 1329 1284 1223 1081 1051 670 580 576 1022 203 294 292 0 250 462 356 453 547 674 739 841 281 438 283 430 579 557 1030 1069 904 841 1091 1296 714 739 631 881 550 603 446 732 820 1624
2174 2154 2192 2141 2116 2153 2390 2290 2365 2188 2117 2765 2424 2664 2655 2624 2358 2163 1172 1294 1352 1491 1806 1689 1775 1689 1496 1519 1527 1593 1447 1134 1302 995 643 913 809 1584 1816 1550 1580 1618 1619 1677 1695 1786 1515 1615 1646 1676 1707 1609 1617 1456 1573 1301 1659 1861 1924 1809 1707 1004 1154 1065 1036 911 1034 919 957 909 868 726 802 809 898 984 949 958 886 1001 1074 992 1007 1084 1142 1083 1237 902 960 1230 1223 1445 1400 1340 1198 1167 786 696 692 1138 142 234 339 233 0 248 335 421 332 459 524 626 422 497 342 468 716 595 1127 1167 985 887 1189 1394 760 786 677 927 596 681 587 848 937 1740
2251 2231 2268 2218 2193 2229 2466 2366 2442 2264 2194 2842 2501 2740 2731 2700 2435 2240 1249 1370 1428 1567 1882 1765 1852 1765 1572 1595 1603 1670 1523 1259 1427 1120 768 1038 934 1661 1893 1626 1657 1694 1696 1753 1771 1862 1591 1691 1722 1752 1784 1686 1693 1533 1650 1377 1735 1937 2000 1885 1784 1080 1230 1141 1112 987 1110 995 1033 985 944 802 879 885 974 1060 1025 1034 962 1077 1150 1068 1083 1160 1219 1159 1313 985 1037 1306 1299 1522 1477 1416 1274 1244 863 772 768 1214 250 266 415 445 247 0 504 312 223 350 415 517 534 668 531 637 807 765 1204 1243 1061 964 1265 1471 837 862 754 1004 673 758 705 924 1013 1816
2340 2320 2357 2307 2282 2318 2555 2455 2531 2353 2283 2931 2590 2829 2820 2789 2524 2352 1076 1123 1425 1381 1547 1371 1457 1370 1177 1337 1430 1326 1129 802 970 663 311 581 477 1800 1969 1701 1721 1761 1763 1824 1873 1976 1680 1780 1811 1841 1873 1775 1782 1622 1739 1466 1824 2026 2089 1974 1872 1169 1259 1230 1201 1076 1199 1084 1122 1074 1033 891 968 974 1038 1052 1025 1004 901 1029 1096 1065 1079 1157 1178 1155 1309 730 843 1395 1375 1604 1540 1505 1363 1333 952 861 857 1322 427 550 586 366 344 513 0 203 464 571 579 678 563 478 373 447 711 577 1311 1350 1185 1112 1373 1578 985 1011 902 1152 821 885 727 1013 1102 1905
2428 2408 2446 2395 2370 2406 2643 2544 2619 2441 2371 3019 2678 2917 2908 2877 2612 2441 1267 1314 1606 1572 1738 1562 1648 1561 1369 1528 1621 1517 1320 993 1161 854 502 772 668 1914 2117 1815 1835 1875 1877 1938 1962 2064 1768 1868 1900 1929 1961 1863 1870 1710 1827 1554 1913 2115 2177 2063 1961 1257 1407 1318 1289 1164 1287 1172 1210 1163 1121 979 1056 1063 1127 1238 1202 1195 1092 1220 1287 1246 1260 1338 1370 1336 1490 921 1034 1483 1476 1699 1654 1593 1451 1421 1040 950 945 1410 437 465 621 454 422 313 193 0 263 377 384 484 651 566 461 535 800 665 1388 1427 1245 1148 1450 1655 1021 1046 938 1188 857 942 815 1101 1190 1993
2390 2370 2408 2357 2332 2368 2605 2506 2581 2403 2333 2981 2640 2879 2870 2839 2574 2402 1388 1509 1568 1706 1943 1766 1853 1766 1573 1733 1742 1722 1524 1198 1366 1059 707 977 873 1876 2079 1777 1797 1837 1839 1900 1924 2026 1730 1830 1862 1891 1923 1825 1832 1672 1789 1516 1874 2077 2139 2024 1923 1219 1369 1280 1251 1126 1249 1134 1172 1124 1083 941 1018 1025 1113 1199 1164 1173 1101 1216 1290 1207 1222 1300 1358 1298 1452 1125 1176 1445 1438 1661 1616 1555 1413 1383 1002 912 907 1372 392 420 576 592 377 268 454 262 0 208 291 343 673 786 649 755 955 885 1343 1382 1200 1103 1404 1610 976 1001 893 1143 812 897 844 1063 1152 1955
2507 2487 2525 2474 2449 2486 2723 2623 2698 2521 2450 3098 2757 2997 2988 2957 2691 2520 1505 1612 1685 1823 2036 1860 1946 1860 1667 1826 1860 1816 1618 1292 1459 1152 800 1071 966 1994 2196 1895 1915 1954 1956 2018 2041 2144 1848 1947 1979 2008 2040 1942 1950 1789 1906 1634 1992 2194 2257 2142 2040 1337 1487 1397 1368 1243 1367 1252 1290 1242 1201 1059 1135 1142 1231 1317 1281 1290 1219 1333 1407 1325 1340 1417 1475 1415 1570 1219 1293 1562 1556 1778 1733 1672 1530 1500 1119 1029 1025 1489 509 537 694 710 494 386 557 376 163 0 219 205 790 903 766 872 1072 1002 1460 1499 1318 1220 1522 1727 1093 1119 1010 1260 929 1014 961 1181 1269 2073
2542 2522 2559 2509 2484 2520 2757 2658 2733 2555 2485 3133 2792 3031 3022 2991 2726 2554 1540 1619 1720 1858 2044 1867 1954 1867 1674 1834 1894 1823 1625 1299 1467 1160 808 1078 974 2028 2231 1929 1949 1989 1991 2052 2075 2178 1882 1982 2014 2043 2075 1977 1984 1824 1941 1668 2026 2229 2291 2176 2075 1371 1521 1432 1403 1278 1401 1286 1324 1276 1235 1093 1170 1177 1265 1351 1316 1325 1253 1368 1441 1359 1374 1452 1510 1450 1604 1226 1328 1597 1590 1813 1768 1707 1565 1535 1154 1064 1059 1524 544 572 728 744 529 420 564 383 245 184 0 259 825 938 801 907 1107 1037 1495 1534 1352 1255 1556 1762 1128 1153 1045 1295 964 1049 996 1215 1304 2107
2642 2622 2659 2609 2583 2620 2857 2757 2832 2655 2584 3232 2892 3131 3122 3091 2825 2654 1640 1719 1819 1958 2143 1967 2054 1967 1774 1933 1994 1923 1725 1399 1567 1259 907 1178 1073 2128 2331 2029 2049 2089 2091 2152 2175 2278 1982 2082 2113 2143 2174 2077 2084 1923 2041 1768 2126 2328 2391 2276 2174 1471 1621 1532 1503 1378 1501 1386 1424 1376 1335 1193 1270 1276 1365 1451 1416 1425 1353 1468 1541 1459 1474 1551 1609 1550 1704 1326 1428 1697 1690 1912 1868 1807 1665 1634 1253 1163 1159 1624 644 671 828 844 629 520 664 483 298 170 254 0 925 1038 900 1007 1207 1136 1595 1634 1452 1355 1656 1861 1227 1253 1145 1394 1064 1149 1096 1315 1404 2207
1773 1753 1790 1740 1714 1751 1988 1888 1963 1786 1715 2380 2037 2269 2260 2234 1956 1785 814 905 957 1090 1414 1306 1387 1291 1100 1142 1166 1255 1065 830 1079 931 868 760 1008 1259 1462 1160 1180 1220 1222 1283 1306 1409 1164 1214 1247 1290 1305 1233 1219 1092 1173 999 1404 1461 1546 1426 1337 602 752 663 634 509 632 517 555 507 466 324 401 407 496 582 547 556 484 599 672 590 605 682 740 681 835 520 566 838 835 1058 1019 1073 843 852 387 298 291 754 310 351 222 285 426 489 566 654 644 761 796 896 0 218 320 459 316 315 750 912 620 608 841 1021 668 694 585 775 508 372 214 517 577 1411
1991 1971 2009 1958 1933 1970 2207 2107 2182 2005 1934 2599 2255 2487 2478 2453 2175 2004 945 1036 1088 1285 1604 1436 1518 1421 1231 1273 1296 1386 1196 881 1139 982 789 781 957 1478 1680 1379 1399 1438 1440 1502 1525 1628 1383 1433 1466 1509 1524 1452 1438 1311 1392 1218 1622 1680 1764 1645 1556 703 853 842 768 728 851 736 663 726 644 543 545 508 569 716 677 687 613 733 806 721 735 813 871 811 965 565 697 1043 983 1214 1237 1291 1062 1071 605 517 510 973 511 569 427 447 505 677 487 575 795 912 947 1046 214 0 217 262 289 154 968 1131 838 826 1060 1239 873 899 791 994 725 577 420 736 795 1630
2093 2073 2111 2060 2035 2072 2309 2209 2284 2107 2036 2701 2357 2589 2581 2555 2277 2106 1135 1226 1278 1410 1704 1537 1618 1522 1331 1463 1487 1504 1296 945 1203 1027 678 845 846 1580 1782 1481 1501 1541 1542 1604 1627 1730 1485 1535 1568 1611 1626 1554 1540 1413 1494 1320 1725 1782 1867 1747 1658 902 1052 984 955 830 953 838 862 828 787 645 721 708 768 903 868 877 787 915 982 911 926 1003 1061 1002 1156 629 761 1159 1156 1379 1340 1393 1164 1173 708 619 612 1075 349 451 457 285 343 532 376 464 650 767 802 902 317 208 0 229 442 307 1071 1233 941 928 1162 1341 856 882 773 1023 692 638 481 838 898 1732
2165 2145 2183 2132 2107 2144 2381 2281 2356 2179 2108 2773 2429 2661 2652 2627 2349 2178 945 1016 1088 1286 1474 1307 1388 1292 1101 1269 1297 1274 1066 715 973 816 795 615 858 1652 1854 1553 1573 1541 1614 1676 1699 1802 1557 1607 1640 1683 1698 1626 1612 1485 1566 1392 1796 1854 1938 1819 1730 786 915 925 851 873 1025 862 745 836 726 632 627 591 652 708 681 661 557 685 752 721 736 813 871 811 966 399 531 1105 1045 1276 1334 1465 1236 1245 779 691 684 1147 541 654 628 477 515 684 494 582 802 919 954 1053 456 253 226 0 328 258 1142 1305 1013 1000 1234 1413 1060 1085 977 1168 896 778 620 910 969 1804
1914 1894 1931 1864 1839 1876 2129 2030 2105 1927 1857 2505 2164 2403 2394 2363 2081 1903 670 791 850 1039 1362 1186 1273 1186 993 1016 1024 1091 944 689 959 834 901 644 902 1313 1546 1279 1309 1244 1349 1406 1434 1525 1254 1354 1386 1415 1447 1349 1356 1196 1313 1024 1398 1591 1663 1548 1447 472 622 611 537 559 773 549 432 522 413 319 313 277 338 485 446 456 381 501 575 489 504 581 640 580 734 410 461 801 737 968 1021 1066 923 907 514 424 420 866 603 644 525 584 721 783 702 799 892 1019 1084 1186 305 273 439 289 0 156 874 913 748 701 935 1140 848 893 785 905 798 546 378 576 664 1463
1932 1912 1950 1899 1874 1911 2148 2048 2123 1946 1875 2523 2182 2422 2413 2382 2116 1921 815 936 994 1184 1495 1319 1406 1319 1126 1161 1169 1236 1077 702 985 847 865 629 881 1342 1574 1308 1338 1376 1377 1435 1453 1543 1273 1372 1404 1434 1465 1367 1375 1214 1331 1059 1417 1619 1682 1567 1465 617 767 756 682 669 792 677 577 667 557 463 458 422 483 629 591 600 526 646 720 634 649 726 784 725 879 417 555 946 882 1113 1158 1098 955 925 544 454 450 896 619 660 525 560 598 767 567 664 839 967 1031 1133 312 138 304 218 151 0 904 943 778 732 965 1171 878 909 801 935 814 562 394 606 695 1498
2181 2161 2199 1929 1807 1718 2043 2296 2281 2194 2124 2681 2340 2580 2571 2519 1887 2194 1168 1289 1347 1497 1812 1684 1770 1684 1491 1514 1522 1588 1442 1183 1457 1328 1396 1139 1397 1668 1870 1569 1589 1628 1630 1691 1715 1818 1522 1621 1653 1682 1714 1616 1623 1463 1580 1308 1488 1868 1931 1816 1714 999 1149 1071 1042 917 1041 926 952 896 855 721 797 804 893 979 944 953 881 996 1069 987 1002 1079 1137 1078 1232 904 955 1236 1229 1452 1407 1346 1204 1063 612 691 611 975 1015 1056 882 1031 1133 1199 1313 1394 1349 1466 1501 1600 740 949 1065 1100 870 906 0 325 146 282 162 332 392 476 482 449 652 805 832 567 262 1650
2343 2323 2337 2196 2091 2002 2327 2459 2534 2357 2286 2934 2593 2833 2824 2793 2171 2356 1330 1451 1509 1660 1975 1846 1933 1846 1653 1676 1684 1751 1604 1345 1619 1490 1558 1301 1559 1830 2032 1731 1751 1791 1792 1854 1877 1980 1684 1783 1815 1845 1876 1778 1786 1625 1742 1355 1693 1922 2093 1978 1876 1161 1311 1191 1169 1044 1068 1053 1077 978 1000 883 960 966 1055 1141 1106 1115 1043 1158 1231 1149 1164 1241 1299 1240 1394 1066 1118 1356 1349 1572 1569 1509 1366 1201 774 853 773 848 1177 1218 1045 1193 1295 1361 1475 1556 1511 1628 1663 1763 902 1111 1227 1262 1033 1069 319 0 308 444 437 616 554 638 644 611 814 967 995 549 423 1794
2078 2058 2096 2013 1891 1802 2127 2194 2269 2091 2021 2669 2328 2567 2559 2528 1971 2091 1065 1186 1244 1394 1709 1581 1667 1581 1388 1411 1419 1485 1339 1080 1354 1225 1293 1036 1294 1565 1767 1466 1486 1525 1527 1588 1612 1715 1419 1518 1550 1579 1611 1513 1520 1360 1477 1205 1563 1765 1828 1713 1611 896 1046 968 939 814 938 823 849 793 752 618 694 701 790 876 841 850 778 893 966 884 899 976 1034 975 1129 801 852 1133 1126 1349 1304 1243 1101 1071 509 588 508 877 868 909 736 928 987 1052 1210 1247 1202 1319 1354 1454 637 846 962 997 767 803 140 179 0 135 237 416 246 330 335 302 505 658 729 469 164 1643
2067 2046 2084 2034 2008 1938 2263 2182 2257 2080 2009 2657 2316 2556 2547 2516 2107 2079 1053 1174 1233 1383 1698 1569 1656 1569 1376 1399 1407 1474 1327 1068 1342 1213 1281 1024 1282 1553 1755 1454 1474 1514 1515 1577 1600 1703 1407 1507 1538 1568 1599 1501 1509 1348 1465 1193 1551 1753 1816 1701 1599 884 1034 957 928 803 926 811 837 781 741 606 683 690 778 864 829 838 766 881 955 872 887 965 1023 963 1117 789 841 1122 1115 1337 1292 1232 1090 1059 497 577 496 865 805 846 672 877 923 989 1148 1184 1139 1256 1291 1390 625 834 950 985 756 792 276 315 133 0 373 552 182 270 272 243 446 595 695 458 225 1632
2155 2185 2235 1901 1779 1690 2015 2269 2253 2286 2215 2653 2312 2552 2543 2491 1859 2285 1259 1380 1438 1589 1904 1775 1862 1775 1582 1605 1613 1680 1533 1274 1548 1419 1487 1230 1488 1759 1961 1660 1680 1720 1721 1783 1806 1909 1613 1713 1744 1774 1805 1707 1715 1554 1671 1399 1460 1889 2022 1907 1805 1090 1240 1162 1133 1009 1132 1017 1043 987 947 812 889 895 984 1070 1035 1044 972 1087 1160 1078 1093 1170 1228 1169 1323 995 1047 1328 1321 1543 1498 1438 1295 1036 703 782 702 1066 1106 1147 974 1122 1224 1290 1404 1485 1440 1557 1592 1692 831 1040 1156 1191 962 998 161 308 235 337 0 305 483 567 573 540 743 896 924 658 353 1623
2088 2118 2168 1834 1712 1623 1948 2202 2186 2357 2287 2586 2245 2485 2476 2424 1792 2462 1438 1560 1618 1768 2083 1955 2041 1954 1762 1785 1793 1859 1713 1454 1727 1599 1666 1410 1668 1938 2141 1839 1859 1899 1901 1962 1986 2088 1792 1892 1924 1953 1985 1887 1894 1734 1851 1382 1393 1822 2201 2087 1985 1270 1420 1313 1291 1166 1095 1174 1199 1100 1121 992 1068 1075 1164 1250 1215 1223 1152 1267 1340 1258 1273 1350 1408 1348 1503 1175 1226 1478 1471 1694 1678 1617 1475 969 883 962 882 970 1285 1327 1153 1302 1404 1470 1583 1665 1620 1737 1771 1871 1011 1219 1336 1371 1141 1177 332 411 415 517 290 0 663 747 753 720 923 1076 1103 670 532 1555
2181 2161 2199 2148 2123 2053 2378 2297 2372 2195 2124 2789 2445 2677 2668 2643 2222 2194 1212 1303 1354 1498 1823 1703 1784 1688 1497 1540 1563 1653 1463 1227 1476 1328 1291 1157 1405 1668 1870 1569 1589 1629 1630 1692 1715 1818 1573 1623 1656 1699 1714 1642 1628 1501 1582 1408 1813 1870 1955 1835 1746 999 1149 1072 1043 918 1041 926 952 896 856 721 798 804 893 979 944 953 881 996 1069 987 1002 1079 1137 1078 1232 918 963 1247 1244 1467 1428 1481 1252 1261 615 695 648 980 646 687 514 718 764 830 989 1025 980 1097 1132 1232 672 878 860 1064 871 888 396 559 250 186 488 667 0 109 115 212 293 436 537 572 340 1820
2262 2242 2280 2229 2204 2134 2459 2378 2453 2275 2205 2870 2526 2758 2749 2724 2303 2275 1292 1383 1435 1579 1904 1784 1865 1769 1578 1620 1644 1733 1543 1308 1557 1409 1313 1238 1482 1749 1951 1650 1670 1709 1711 1772 1796 1899 1654 1703 1737 1780 1795 1723 1709 1582 1663 1489 1893 1951 2035 1916 1827 1080 1230 1152 1123 998 1122 1007 1033 977 937 802 878 885 974 1060 1025 1034 962 1077 1150 1068 1083 1160 1218 1159 1313 998 1044 1328 1325 1548 1508 1562 1333 1342 696 776 729 1061 668 709 536 740 787 852 1012 1047 1002 1120 1154 1254 695 900 883 1086 894 910 477 639 331 271 568 748 105 0 122 253 288 459 559 653 421 1901
2246 2226 2264 2213 2188 2141 2462 2362 2437 2259 2189 2854 2510 2742 2733 2708 2310 2259 1288 1379 1431 1563 1888 1780 1861 1764 1574 1616 1639 1729 1539 1304 1552 1405 1206 1233 1375 1733 1935 1634 1654 1693 1695 1756 1780 1883 1638 1687 1721 1763 1779 1707 1693 1566 1647 1473 1877 1935 2019 1900 1811 1076 1225 1136 1107 982 1106 991 1028 981 940 797 874 881 970 1056 1020 1029 958 1072 1146 1064 1078 1156 1214 1154 1308 994 1040 1312 1309 1532 1492 1546 1317 1326 702 772 736 1068 561 602 429 633 680 745 905 940 895 1012 1047 1147 587 793 776 979 787 803 484 646 337 274 575 755 111 121 0 316 222 352 452 660 428 1885
2270 2250 2288 2237 2212 2141 2467 2386 2461 2283 2213 2878 2534 2766 2757 2731 2311 2283 1300 1391 1443 1587 1911 1792 1873 1777 1586 1628 1652 1741 1551 1316 1564 1417 1490 1245 1494 1756 1959 1657 1677 1717 1719 1780 1804 1906 1662 1711 1745 1787 1803 1731 1717 1590 1671 1496 1901 1959 2043 1923 1834 1088 1238 1160 1131 1006 1129 1014 1041 985 944 810 886 893 982 1068 1033 1041 970 1085 1158 1076 1091 1168 1226 1166 1321 1006 1052 1335 1332 1555 1516 1570 1341 1349 703 784 737 1069 845 886 712 917 963 1029 1188 1224 1179 1296 1331 1430 834 1053 1059 1228 959 995 485 647 338 279 576 756 207 252 314 0 464 635 735 661 429 1909
2241 2221 2258 2208 2182 2219 2456 2356 2431 2254 2183 2831 2491 2730 2721 2690 2425 2230 1239 1360 1418 1557 1872 1755 1842 1755 1562 1585 1593 1660 1513 1254 1528 1399 1120 1210 1286 1650 1883 1616 1646 1684 1686 1743 1761 1852 1581 1681 1712 1742 1774 1676 1683 1523 1640 1367 1725 1927 1990 1875 1773 1070 1220 1131 1102 977 1100 985 1023 975 934 792 869 875 964 1050 1015 1024 952 1067 1140 1058 1073 1150 1208 1149 1303 975 1027 1296 1289 1511 1467 1406 1264 1233 853 762 758 1204 475 488 323 533 595 658 812 856 766 894 959 1060 516 709 691 849 788 811 646 685 504 410 708 913 289 287 219 428 0 373 418 779 577 1806
2005 1985 2022 1972 1947 1983 2220 2121 2196 2018 1948 2596 2255 2494 2485 2454 2189 1994 1003 1124 1183 1321 1636 1519 1606 1519 1326 1349 1357 1424 1277 1018 1292 1163 1184 974 1232 1415 1647 1380 1411 1448 1450 1507 1525 1616 1345 1445 1477 1506 1538 1440 1447 1287 1404 1131 1489 1691 1754 1639 1538 834 984 895 866 741 864 749 787 739 698 556 633 640 728 814 779 788 716 831 904 822 837 914 973 913 1067 739 791 1060 1053 1276 1231 1170 1028 998 617 527 522 968 559 589 343 586 680 743 875 941 851 979 1044 1145 369 562 637 731 537 560 799 838 657 559 861 1066 432 458 349 599 369 0 236 678 730 1570
1837 1817 1855 1804 1779 1816 2053 1953 2028 1850 1780 2428 2087 2326 2318 2287 2021 1826 835 956 1015 1153 1468 1351 1438 1351 1158 1182 1190 1256 1110 851 1124 996 1026 806 1064 1247 1479 1213 1243 1281 1282 1340 1358 1448 1178 1277 1309 1338 1370 1272 1279 1119 1236 964 1322 1524 1587 1472 1370 667 816 727 698 573 697 582 619 572 531 388 465 472 561 647 611 620 549 663 737 655 669 747 805 745 900 572 623 892 885 1108 1063 1002 860 830 449 359 355 801 507 536 262 429 585 690 718 814 799 926 991 1093 211 404 480 574 369 392 809 848 683 636 870 1075 532 558 450 699 415 223 0 510 599 1402
1956 1936 1974 1915 1890 1926 2171 2072 2147 1969 1899 2547 2206 2445 2436 2405 2132 1969 942 1064 1122 1272 1587 1459 1545 1458 1266 1289 1297 1363 1217 958 1231 1103 1170 914 1172 1442 1645 1343 1363 1403 1405 1466 1490 1592 1296 1396 1428 1457 1489 1391 1398 1238 1355 1074 1441 1641 1705 1591 1489 771 890 767 745 620 787 628 653 554 560 496 572 579 668 754 719 727 656 771 844 762 777 854 912 852 1007 679 730 932 925 1147 1182 1121 979 949 314 445 316 424 813 854 743 806 931 993 1087 1176 1147 1264 1299 1399 515 724 840 875 645 681 561 327 468 426 622 660 573 657 662 629 833 775 607 0 304 1513
1998 1978 2015 1965 1940 1918 2213 2114 2189 2011 1941 2589 2248 2487 2478 2447 2087 2010 984 1106 1164 1314 1629 1501 1587 1500 1307 1331 1339 1405 1259 1000 1273 1145 1212 956 1214 1484 1687 1385 1405 1445 1447 1508 1532 1634 1338 1438 1470 1499 1531 1433 1440 1280 1397 1124 1482 1685 1747 1632 1531 816 966 888 859 734 857 742 769 713 672 538 614 621 710 796 760 769 698 812 886 804 819 896 954 894 1049 721 772 1053 1046 1269 1224 1163 1021 991 429 508 428 712 855 896 785 848 973 1034 1129 1218 1189 1306 1341 1441 557 765 882 917 687 723 256 294 163 190 317 523 336 420 426 393 596 749 649 274 0 1563
1052 1241 962 813 787 824 1117 1371 1446 1293 1260 1863 1520 1752 1743 1696 1029 1435 1566 1680 1520 1318 1642 1599 1690 1594 1403 1534 1546 1733 1749 1744 1789 1862 2026 1779 2027 1487 1667 1388 1376 1293 1346 1408 1361 1464 867 823 910 878 976 1100 950 791 1121 440 446 547 996 1060 1038 1228 1175 1009 1075 1070 796 1116 1162 1172 1257 1401 1316 1347 1261 1372 1347 1381 1414 1440 1492 1225 1373 1397 1478 1455 1560 1540 1564 1029 1117 1207 1205 1178 948 785 1310 1387 1398 1553 1692 1733 1622 1685 1811 1872 1967 2055 2026 2143 2178 2278 1394 1603 1719 1763 1533 1569 1651 1847 1726 1714 1624 1556 1825 1909 1902 1882 1890 1663 1495 1583 1683 0
