120 9
4960 10815 9125 6155 2180 8795 8865 14690 4730 360 355 7075 12365 40 7425 2655 10540 10950 2995 7205 1905 2120 1560 9025 6425 4920 4065 9345 7005 11465 2955 360 8455 5440 4285 12785 3770 65 3275 10695 7540 16570 15630 8915 575 3455 3875 10990 9715 1440 9425 11930 9970 13095 10325 1925 215 2620 5160 3600 3700 305 6295 10080 7605 5640 500 4270 3590 1040 9855 3010 2325 1720 6745 5305 5850 6685 3175 6890 8670 11590 14360 1460 285 1595 6550 8010 4925 1360 490 1810 4375 745 1030 550 335 185 8565 6110 985 5665 925 200 365 645 3580 910 1215 140 11380 2205 145 4560 4335 1280 9295 5905 1150 1410
0 260 415 579 378 673 591 472 390 278 404 799 1045 949 888 1324 1865 1514 1670 1296 1075 1248 1426 1732 1679 1602 1690 1591 1478 1721 1663 1665 1805 1845 1792 1776 1751 1772 1686 1691 1633 1736 1554 1646 1497 1517 1272 1509 1348 1386 1268 1208 1334 1351 1316 1443 1464 1616 1523 1661 1596 1523 1555 1710 1911 1836 2004 2070 1765 2064 2131 1742 1843 1458 948 905 1158 812 917 929 1065 1054 903 869 1175 1222 1023 1166 1260 1081 1319 967 1916 2048 2338 1914 1948 1870 550 608 715 1493 1756 2059 1833 1703 1357 1547 1696 1719 996 937 1443 1102 1330 1574 1175 958 1016 873
247 0 262 553 471 828 459 533 322 210 184 656 873 776 924 1206 1666 1342 1471 1098 903 1076 1253 1533 1480 1403 1492 1393 1280 1522 1464 1467 1606 1647 1594 1577 1553 1574 1487 1493 1435 1538 1355 1448 1298 1318 1074 1311 1149 1188 1070 1010 1135 1153 1117 1245 1265 1417 1325 1463 1397 1325 1357 1512 1712 1637 1806 1872 1567 1866 1933 1543 1644 1260 749 707 959 613 718 731 867 855 705 671 976 1023 825 967 1062 883 1120 768 1717 1850 2140 1716 1750 1672 352 413 516 1294 1558 1860 1634 1505 1158 1349 1497 1521 798 739 1245 904 1132 1375 1025 856 837 688
401 262 0 380 501 956 671 745 535 422 396 819 1085 988 1136 1418 1753 1554 1558 1184 1115 1288 1454 1620 1567 1490 1578 1479 1366 1609 1551 1553 1693 1733 1681 1664 1640 1660 1574 1579 1521 1624 1442 1534 1385 1405 1160 1397 1236 1274 1156 1096 1222 1239 1204 1331 1352 1504 1411 1549 1484 1411 1443 1598 1799 1724 1892 1958 1653 1953 2019 1630 1731 1346 836 793 1043 700 805 817 953 942 791 730 1035 1086 911 1054 1148 969 1207 855 1780 1913 2203 1778 1812 1735 411 539 372 1357 1620 1923 1685 1528 1245 1411 1560 1584 817 686 1257 925 1155 1395 853 638 675 515
566 553 375 0 645 1121 961 979 800 688 686 1110 1375 1279 1395 1708 2044 1845 1849 1475 1405 1578 1745 1911 1858 1781 1869 1770 1657 1900 1842 1844 1984 2024 1972 1955 1931 1951 1865 1870 1812 1915 1733 1825 1676 1696 1451 1688 1527 1565 1447 1387 1513 1530 1495 1622 1643 1795 1702 1840 1775 1702 1734 1889 2090 2015 2183 2249 1945 2244 2310 1891 2022 1637 1127 992 1206 991 1082 1108 1244 1118 1082 893 1199 1249 1202 1345 1439 1260 1498 1146 1943 2076 2366 1942 1976 1898 606 830 533 1520 1784 2086 1807 1645 1432 1575 1723 1747 972 794 1200 950 1310 1403 780 507 620 478
365 471 497 610 0 536 710 583 549 496 605 991 1234 1138 999 1435 1963 1704 1768 1394 1264 1438 1615 1830 1777 1700 1789 1689 1576 1819 1761 1763 1903 1943 1891 1874 1850 1870 1784 1789 1731 1834 1652 1744 1595 1615 1370 1607 1446 1484 1367 1306 1432 1449 1414 1541 1562 1714 1621 1759 1694 1622 1653 1808 2009 1934 2102 2168 1864 2163 2229 1840 1941 1557 1046 1004 1256 910 1015 1027 1163 1152 1001 968 1273 1320 1121 1264 1358 1179 1417 1065 2014 2147 2437 2012 2046 1969 649 750 813 1591 1854 2157 1931 1802 1455 1645 1794 1817 1094 1036 1541 1200 1429 1672 1262 1045 1102 960
649 828 952 1088 524 0 618 382 573 629 744 877 882 793 533 956 1866 1372 1540 1253 917 1102 1259 1733 1680 1603 1692 1592 1480 1722 1664 1666 1806 1846 1794 1777 1753 1773 1687 1692 1634 1738 1555 1647 1498 1518 1267 1506 1347 1358 1248 1202 1333 1338 1312 1444 1454 1614 1521 1659 1586 1519 1544 1703 1909 1812 1995 2049 1763 2059 2133 1743 1844 1546 1216 1206 1458 1130 1218 1198 1334 1354 1154 1269 1484 1522 1024 1167 1261 1258 1367 1117 2105 2238 2528 2011 2137 2060 973 744 1151 1793 2057 2304 2133 2041 1518 1736 1861 1923 1395 1337 1842 1501 1712 1973 1648 1499 1434 1295
567 459 666 956 692 612 0 240 261 325 310 404 569 485 502 835 1562 1064 1232 945 609 794 951 1429 1376 1299 1388 1288 1176 1418 1360 1362 1502 1542 1490 1473 1449 1469 1383 1388 1330 1433 1251 1343 1194 1214 963 1202 1043 1054 944 898 1029 1034 1008 1140 1149 1310 1217 1355 1282 1215 1240 1399 1605 1508 1691 1745 1459 1755 1829 1439 1540 1242 856 751 1003 675 762 804 973 899 699 813 1028 1067 720 863 957 954 1063 654 1761 1894 2184 1707 1793 1716 518 288 696 1338 1601 1904 1678 1586 1214 1392 1541 1565 940 881 1387 1046 1257 1517 1193 1127 979 840
440 533 741 969 565 376 238 0 255 335 444 605 696 646 509 887 1753 1248 1416 1113 760 978 1120 1621 1567 1490 1579 1480 1367 1610 1551 1554 1693 1734 1681 1664 1640 1661 1574 1580 1522 1625 1442 1535 1385 1405 1155 1393 1234 1237 1135 1090 1220 1225 1199 1332 1341 1502 1408 1546 1473 1407 1431 1591 1796 1700 1882 1936 1650 1947 2020 1630 1731 1433 993 888 1140 812 899 941 1111 1036 836 951 1166 1204 912 1054 1149 1127 1254 855 1898 2031 2321 1897 1931 1853 655 426 833 1475 1738 2041 1815 1723 1380 1529 1678 1702 1077 1018 1524 1183 1394 1655 1330 1264 1116 977
377 322 530 790 531 567 259 252 0 124 234 560 785 676 730 1072 1753 1255 1422 1136 800 985 1142 1620 1567 1490 1578 1479 1366 1609 1551 1553 1693 1733 1680 1664 1640 1660 1574 1579 1521 1624 1442 1534 1385 1405 1154 1393 1234 1245 1135 1089 1220 1225 1199 1331 1340 1501 1408 1546 1472 1406 1430 1590 1796 1699 1882 1936 1650 1946 2019 1630 1731 1382 871 829 1081 735 840 852 988 977 791 809 1107 1145 911 1054 1148 1005 1242 810 1839 1972 2262 1837 1871 1794 492 381 669 1416 1679 1982 1756 1643 1280 1470 1619 1643 936 877 1383 1042 1270 1513 1169 1086 975 813
265 210 418 678 478 623 324 333 95 0 190 534 779 670 791 1091 1744 1249 1416 1113 794 979 1136 1611 1558 1481 1570 1471 1358 1600 1542 1544 1684 1725 1672 1655 1631 1652 1565 1570 1512 1616 1433 1525 1376 1396 1146 1384 1225 1236 1126 1081 1211 1216 1190 1323 1332 1492 1399 1537 1464 1397 1422 1582 1787 1691 1873 1927 1641 1938 2011 1621 1722 1338 827 785 1037 691 796 809 944 933 753 762 1062 1096 903 1045 1139 961 1198 773 1795 1928 2218 1793 1827 1750 443 342 608 1371 1606 1901 1706 1589 1230 1422 1546 1552 884 827 1316 937 1222 1450 1078 1014 928 762
391 184 392 681 587 738 309 442 204 187 0 479 706 597 768 1018 1592 1176 1344 1022 722 906 1063 1460 1406 1330 1418 1319 1206 1449 1390 1393 1532 1573 1520 1503 1479 1500 1413 1419 1361 1464 1281 1374 1224 1244 994 1232 1073 1084 974 929 1060 1064 1038 1171 1180 1341 1247 1385 1312 1246 1270 1430 1635 1539 1721 1775 1489 1786 1859 1469 1571 1186 675 633 885 540 644 657 793 781 631 614 910 945 751 893 988 809 1046 659 1643 1776 2066 1642 1676 1598 296 228 473 1219 1454 1749 1554 1438 1079 1270 1395 1400 735 678 1167 789 1074 1301 934 888 779 618
786 656 792 1105 973 832 402 603 530 531 471 0 564 459 719 875 1457 951 1112 661 358 763 803 1354 1300 1224 1312 1237 1129 1366 1313 1315 1455 1496 1414 1398 1373 1394 1308 1313 1255 1358 1176 1268 1119 1139 884 1123 963 868 864 852 982 987 961 1094 1103 1264 1170 1308 1235 1169 1193 1353 1558 1462 1616 1698 1412 1709 1782 1368 1493 1029 518 589 784 466 531 490 636 737 379 676 847 882 674 816 910 652 882 300 1509 1642 1932 1507 1542 1464 570 339 726 1156 1391 1683 1491 1375 922 1136 1242 1323 780 815 1213 834 1094 1347 1105 1142 939 857
1032 873 1057 1370 1217 880 569 697 785 779 707 564 0 135 406 360 1078 566 733 544 308 299 561 1224 1171 1094 1183 1108 1112 1237 1297 1299 1337 1433 1285 1268 1244 1265 1178 1183 1125 1229 1046 1138 989 986 754 993 834 659 735 805 881 970 945 1077 1098 1250 1157 1295 1230 1157 1189 1344 1544 1470 1496 1704 1399 1698 1765 1376 1477 1188 901 965 1167 842 907 866 986 1113 755 1052 1231 1269 740 852 894 895 1021 619 1742 1875 2165 1644 1774 1697 874 644 1051 1477 1708 1941 1811 1739 1155 1373 1498 1561 1162 1195 1609 1268 1472 1739 1520 1483 1315 1196
936 776 961 1274 1120 783 498 659 689 683 611 472 135 0 531 485 1158 646 813 535 211 379 558 1215 1162 1085 1174 1099 1103 1228 1288 1290 1328 1424 1276 1259 1235 1256 1169 1175 1117 1220 1037 1130 980 977 745 984 825 651 726 796 872 962 936 1068 1089 1241 1148 1286 1221 1148 1180 1335 1536 1461 1488 1695 1391 1690 1756 1367 1468 1179 804 869 1070 746 811 770 889 1017 659 956 1134 1172 697 839 885 856 1013 523 1703 1836 2126 1635 1735 1658 777 548 955 1438 1669 1902 1772 1691 1116 1334 1459 1522 1065 1098 1512 1171 1375 1643 1424 1387 1219 1099
856 924 1132 1385 981 541 510 516 738 799 776 727 404 518 0 458 1411 875 1068 945 697 634 895 1625 1572 1495 1584 1509 1408 1638 1593 1595 1735 1775 1686 1669 1645 1665 1579 1584 1526 1629 1447 1490 1390 1329 1155 1394 1234 1003 1135 1131 1262 1267 1241 1373 1394 1546 1453 1591 1526 1453 1485 1640 1841 1766 1897 2000 1696 1995 2061 1672 1773 1475 1145 1216 1411 1140 1183 1127 1263 1364 1101 1279 1475 1513 953 1096 1190 1187 1296 957 2034 2166 2457 1940 2066 1988 983 754 1161 1769 2000 2233 2103 2030 1447 1665 1790 1852 1405 1346 1852 1511 1722 1983 1658 1592 1444 1305
1292 1206 1391 1703 1417 977 857 909 1094 1113 1040 897 357 471 447 0 1007 471 695 760 564 311 532 1425 1355 1295 1384 1309 1349 1438 1533 1535 1538 1631 1469 1469 1445 1466 1379 1384 1269 1257 1247 1118 1181 994 991 1230 1070 725 971 1042 1118 1207 1181 1314 1334 1486 1393 1531 1466 1394 1426 1581 1781 1706 1697 1941 1636 1935 2002 1612 1713 1425 1178 1293 1444 1170 1216 1160 1244 1441 1083 1380 1508 1534 976 1088 1130 1132 1258 937 1979 2111 2401 1880 2011 1933 1207 977 1384 1713 1945 2177 2047 1975 1392 1610 1735 1797 1490 1522 1937 1596 1799 2042 1848 1816 1643 1529
1891 1693 1779 2070 1989 1870 1585 1769 1776 1770 1619 1465 1087 1167 1420 1016 0 554 403 945 1123 804 722 769 682 654 767 691 938 821 1009 1050 917 958 796 805 773 685 722 636 596 460 573 416 603 418 975 874 866 652 982 1038 1033 1075 1171 1188 1208 1363 1294 1390 1255 1280 1326 1482 1269 1119 1053 1326 1457 1756 1902 1486 1614 1410 1329 1535 1595 1371 1367 1311 1371 1647 1285 1622 1614 1597 961 1097 1115 1195 1243 1284 1952 2025 2342 1754 2051 1977 1530 1501 1665 1776 2008 2217 2110 2038 1455 1673 1694 1860 1725 1758 2172 1831 1867 2105 2084 2084 1879 1815
1534 1362 1564 1855 1723 1369 1084 1268 1274 1268 1196 964 585 665 898 494 545 0 203 565 622 302 274 947 860 832 945 869 1088 999 1187 1228 1095 1136 974 1062 958 1051 900 969 774 762 751 623 777 499 771 906 694 421 767 823 894 991 956 1083 1104 1256 1163 1301 1236 1163 1195 1350 1447 1297 1231 1504 1406 1705 1771 1382 1483 1194 1114 1320 1380 1156 1152 1096 1156 1432 1070 1407 1399 1382 746 882 900 979 1028 888 1826 1894 2211 1650 1859 1781 1315 1133 1450 1561 1793 2025 1895 1823 1239 1457 1534 1645 1510 1543 1957 1616 1652 1890 1869 1869 1664 1599
1670 1471 1558 1849 1768 1519 1234 1418 1425 1419 1346 1114 736 816 1070 698 394 190 0 696 772 453 409 825 738 709 822 747 994 876 1065 1105 973 1013 852 940 836 928 778 847 652 640 629 501 659 417 765 899 688 415 761 816 888 985 950 1077 1098 1250 1157 1295 1230 1157 1189 1344 1325 1175 1109 1382 1399 1698 1765 1376 1477 1188 1108 1314 1374 1150 1146 1090 1150 1426 1064 1400 1393 1375 740 876 894 973 1021 1019 1820 1888 2205 1644 1852 1775 1309 1280 1444 1555 1787 2019 1889 1817 1233 1451 1528 1639 1504 1537 1951 1610 1646 1884 1863 1863 1658 1593
1282 1097 1156 1469 1376 1237 952 1119 1143 1120 1023 668 541 522 937 739 929 552 693 0 445 506 360 850 797 720 808 734 738 862 922 925 963 1058 911 894 870 890 804 809 751 854 672 764 615 635 380 619 459 337 360 431 507 596 571 703 724 876 783 921 855 783 815 970 1170 1096 1122 1330 1025 1324 1391 1001 1103 814 669 892 944 729 721 664 693 997 642 979 937 919 365 452 520 517 647 441 1364 1497 1787 1269 1396 1319 935 899 1070 1099 1330 1563 1433 1361 777 995 1120 1183 1130 1162 1575 1236 1190 1427 1488 1489 1283 1201
1062 903 1088 1400 1247 910 625 776 816 810 737 373 307 198 689 543 1115 609 770 438 0 434 484 1125 1072 995 1084 1009 1013 1138 1198 1200 1238 1334 1186 1169 1145 1166 1079 1084 1026 1130 947 1040 890 904 655 894 735 577 636 706 782 872 846 978 999 1151 1058 1196 1131 1058 1090 1245 1446 1371 1397 1605 1300 1599 1666 1277 1378 1089 705 770 971 647 711 671 781 918 560 856 1035 1073 641 753 795 748 922 423 1595 1727 2017 1545 1627 1549 886 671 1005 1329 1561 1793 1664 1591 1008 1226 1351 1413 966 999 1413 1072 1276 1544 1325 1424 1120 1137
1235 1076 1261 1573 1420 1083 798 982 989 983 910 767 297 366 626 289 795 283 450 499 419 0 278 1171 1110 1041 1129 1054 1205 1183 1372 1392 1284 1379 1224 1215 1190 1211 1125 1130 1024 1012 993 873 926 749 847 1033 832 471 828 898 974 1064 1038 1170 1191 1343 1250 1388 1323 1250 1282 1437 1632 1482 1443 1716 1493 1792 1858 1469 1570 1281 1048 1163 1314 1040 1086 1030 1114 1311 953 1250 1369 1352 833 906 987 950 1115 807 1797 1929 2219 1737 1829 1751 1077 847 1254 1531 1763 1995 1865 1793 1210 1428 1553 1615 1360 1392 1807 1466 1622 1860 1718 1686 1513 1399
1412 1253 1405 1718 1597 1260 975 1144 1166 1160 1087 827 558 545 887 510 714 262 406 354 469 274 0 978 925 848 936 861 1044 990 1179 1219 1091 1186 1038 1022 997 1018 932 937 871 875 800 736 733 602 702 840 639 278 682 753 829 918 892 1025 1045 1197 1105 1243 1177 1105 1137 1292 1439 1289 1250 1523 1347 1646 1713 1323 1424 1136 925 1134 1191 971 963 906 980 1243 884 1221 1224 1206 687 761 842 804 969 684 1651 1784 2074 1591 1683 1606 1183 1025 1318 1386 1617 1850 1720 1648 1064 1282 1407 1469 1378 1411 1825 1484 1477 1714 1737 1737 1532 1450
1726 1528 1614 1905 1825 1725 1444 1636 1635 1606 1454 1365 1235 1226 1636 1444 774 952 830 861 1136 1189 996 0 104 153 91 353 462 168 393 412 224 301 153 291 180 327 209 319 249 413 306 498 418 520 630 482 603 748 805 777 644 658 818 629 650 679 615 706 571 596 713 855 585 435 407 681 773 1072 1247 928 977 1037 1165 1370 1430 1207 1203 1146 1206 1483 1120 1457 1450 1432 796 920 838 1030 1008 1141 1320 1387 1687 1145 1419 1414 1366 1336 1501 1367 1518 1586 1638 1629 1290 1136 1135 1339 1561 1593 1844 1667 1604 1696 1919 1920 1715 1650
1673 1474 1561 1852 1771 1671 1391 1582 1582 1552 1401 1311 1182 1173 1582 1369 695 873 751 807 1083 1124 943 100 0 120 175 402 533 273 476 504 268 307 147 274 162 293 121 240 171 334 246 420 386 442 679 532 650 694 764 820 694 729 888 699 720 771 707 798 663 688 805 946 648 502 402 675 865 1164 1339 998 1068 1107 1111 1317 1377 1153 1149 1093 1153 1429 1067 1404 1396 1379 743 879 897 976 1025 1087 1412 1479 1779 1237 1511 1489 1312 1283 1447 1437 1588 1678 1709 1699 1237 1206 1206 1409 1507 1540 1914 1613 1649 1766 1866 1866 1661 1596
1591 1392 1479 1770 1689 1589 1309 1500 1499 1470 1318 1229 1099 1090 1500 1308 657 835 712 725 1000 1054 861 149 108 0 156 302 497 261 440 519 346 407 247 384 273 394 191 288 143 336 161 381 282 403 593 445 546 612 682 737 608 650 852 663 684 786 722 813 678 703 820 961 692 542 502 775 880 1179 1354 962 1083 1071 1029 1234 1295 1071 1067 1010 1070 1347 985 1321 1314 1296 661 797 815 894 942 1005 1427 1494 1794 1230 1526 1453 1230 1200 1365 1401 1552 1693 1673 1663 1154 1170 1170 1373 1425 1458 1872 1531 1567 1730 1783 1784 1579 1514
1678 1480 1566 1857 1776 1677 1396 1588 1587 1558 1406 1317 1187 1178 1588 1396 790 968 845 813 1088 1141 948 85 162 154 0 278 388 124 332 372 199 300 226 383 271 419 285 384 281 452 258 514 370 531 555 408 529 700 730 702 569 584 743 555 575 639 575 666 531 556 673 814 545 395 481 677 733 1032 1207 853 936 963 1117 1322 1382 1158 1155 1098 1158 1435 1072 1409 1402 1384 748 845 764 982 933 1092 1280 1347 1647 1105 1379 1344 1317 1288 1453 1292 1444 1546 1564 1554 1242 1061 1061 1264 1513 1545 1769 1619 1529 1621 1871 1872 1667 1602
1592 1393 1480 1771 1690 1590 1310 1501 1501 1471 1320 1230 1101 1092 1502 1309 698 876 754 726 1002 1055 862 346 388 297 272 0 332 323 405 599 428 529 455 612 501 646 444 541 374 529 292 422 206 425 396 248 369 613 571 543 399 441 644 554 574 753 660 798 733 661 692 848 774 624 711 907 903 1202 1269 852 980 962 1019 1236 1280 1072 1068 1012 1038 1342 986 1323 1270 1252 662 688 674 850 832 1006 1318 1391 1708 1120 1417 1343 1231 1202 1366 1292 1443 1583 1563 1553 1110 1060 1060 1264 1426 1459 1768 1532 1522 1620 1785 1785 1580 1515
1514 1315 1402 1693 1612 1512 1232 1423 1423 1393 1241 1163 1162 1153 1469 1398 974 1123 1029 787 1063 1255 1079 463 527 501 389 331 0 358 332 525 517 576 573 730 618 766 647 744 584 783 560 698 482 701 438 278 455 831 585 499 313 355 558 409 430 657 564 702 647 566 594 751 796 646 784 929 816 1107 1171 708 883 817 933 1158 1194 994 990 934 951 1256 908 1244 1183 1166 727 601 588 764 745 971 1173 1258 1610 976 1272 1199 1153 1124 1288 1147 1298 1439 1418 1409 1024 916 915 1119 1348 1381 1624 1454 1384 1476 1707 1707 1502 1437
1720 1521 1608 1899 1818 1718 1438 1629 1628 1599 1447 1369 1248 1239 1649 1457 851 1029 906 874 1149 1202 1009 162 260 259 124 314 322 0 265 335 177 283 272 428 317 464 352 481 342 540 319 575 431 592 599 417 573 761 774 709 535 546 706 517 538 584 519 610 475 500 618 759 509 359 488 641 678 977 1152 815 881 925 1139 1364 1399 1200 1196 1140 1157 1462 1114 1450 1389 1372 809 807 726 970 895 1154 1225 1292 1591 1049 1324 1306 1359 1329 1494 1255 1406 1490 1526 1517 1230 1024 1023 1227 1554 1587 1731 1660 1492 1583 1912 1913 1708 1643
1629 1431 1517 1809 1728 1628 1347 1539 1538 1509 1357 1279 1310 1301 1584 1546 1030 1208 1086 935 1211 1381 1188 386 464 438 326 396 296 250 0 192 288 327 410 568 484 631 567 652 521 719 498 754 551 770 590 427 604 940 737 651 465 456 615 427 447 441 377 467 332 358 475 616 467 317 506 600 535 834 1009 725 738 835 1049 1273 1309 1110 1106 1049 1067 1372 1023 1360 1299 1282 854 717 636 880 805 1087 1082 1149 1449 906 1181 1176 1269 1239 1404 1165 1316 1347 1436 1426 1139 933 933 1137 1464 1497 1641 1570 1401 1493 1822 1823 1618 1553
1691 1492 1579 1870 1789 1689 1409 1600 1600 1570 1418 1341 1371 1362 1646 1608 1114 1292 1170 997 1272 1464 1273 405 503 516 372 589 489 320 176 0 294 273 417 575 491 637 578 659 605 800 582 839 694 856 709 620 797 1024 856 770 584 564 786 516 474 455 393 481 339 374 491 633 367 217 406 500 552 851 1023 826 752 976 1110 1335 1371 1171 1167 1111 1128 1433 1085 1422 1360 1343 915 779 794 941 923 1148 1096 1163 1462 920 1195 1190 1330 1301 1465 1274 1406 1361 1513 1536 1201 1043 1043 1246 1525 1558 1751 1631 1511 1603 1884 1884 1679 1614
1799 1600 1687 1978 1897 1797 1517 1708 1708 1678 1526 1448 1340 1331 1741 1549 929 1107 985 966 1241 1294 1101 221 269 344 200 417 481 165 271 248 0 161 159 316 233 379 344 401 404 543 411 653 523 675 703 556 677 853 878 843 657 648 807 619 582 565 501 592 457 482 599 741 467 317 366 565 659 958 1134 917 863 1027 1218 1443 1478 1279 1275 1219 1236 1541 1193 1529 1468 1451 901 886 828 1049 997 1245 1207 1273 1573 1031 1305 1300 1438 1409 1573 1357 1508 1472 1624 1618 1309 1125 1125 1329 1633 1666 1833 1739 1593 1685 1992 1992 1787 1722
1838 1640 1726 2017 1936 1836 1556 1747 1747 1718 1566 1488 1441 1432 1793 1642 969 1147 1024 1067 1342 1395 1202 297 309 404 301 519 541 271 310 227 159 0 198 320 273 419 384 441 444 583 512 693 624 715 804 657 778 954 980 895 709 701 860 664 622 605 541 631 496 521 639 780 340 194 209 403 693 976 1173 970 902 1080 1257 1482 1518 1318 1314 1258 1276 1580 1232 1569 1508 1490 1002 926 881 1089 1050 1296 1246 1313 1612 1070 1345 1340 1477 1448 1613 1409 1557 1511 1663 1671 1348 1178 1178 1381 1673 1705 1886 1778 1646 1738 2031 2031 1827 1762
1784 1585 1672 1963 1882 1782 1502 1693 1693 1663 1511 1422 1292 1284 1693 1479 806 984 862 918 1194 1234 1054 146 146 241 224 442 532 254 393 370 157 198 0 235 145 291 221 313 282 444 357 531 497 553 728 580 701 805 875 875 742 756 916 727 705 688 624 714 579 604 722 863 539 393 315 589 782 1081 1256 1026 985 1135 1222 1428 1488 1264 1260 1204 1264 1540 1178 1514 1507 1490 854 990 936 1087 1106 1198 1329 1396 1695 1153 1428 1423 1423 1394 1558 1465 1616 1594 1736 1727 1347 1234 1233 1437 1618 1651 1942 1724 1702 1794 1977 1977 1772 1707
1784 1586 1673 1964 1883 1783 1502 1694 1693 1664 1512 1423 1293 1284 1694 1502 846 1098 988 919 1194 1248 1055 287 272 383 382 600 690 412 551 528 315 320 223 0 177 174 271 285 386 427 482 623 577 678 880 738 810 806 876 931 900 914 1064 885 863 846 782 872 737 762 880 1021 636 515 313 586 940 1239 1414 1184 1143 1293 1223 1428 1489 1265 1261 1204 1264 1541 1179 1515 1508 1490 854 991 1009 1088 1136 1199 1487 1554 1853 1311 1586 1581 1424 1394 1559 1623 1774 1752 1894 1885 1348 1392 1391 1595 1619 1652 2066 1725 1761 1952 1977 1978 1773 1708
1770 1571 1658 1949 1868 1768 1488 1679 1679 1649 1497 1408 1278 1270 1679 1487 814 999 876 904 1179 1233 1040 176 161 272 271 488 579 301 467 444 231 272 133 137 0 231 160 253 280 395 371 545 511 567 774 627 748 791 861 916 788 803 962 774 779 762 698 788 653 679 796 937 614 467 354 628 856 1155 1330 1072 1059 1182 1208 1414 1474 1250 1246 1190 1250 1526 1164 1500 1493 1475 840 976 983 1073 1121 1184 1403 1470 1770 1228 1502 1497 1409 1380 1544 1512 1663 1668 1783 1773 1333 1280 1280 1484 1604 1637 1988 1710 1746 1840 1963 1963 1758 1693
1829 1631 1717 2008 1928 1828 1547 1739 1738 1709 1557 1468 1338 1329 1739 1547 721 1095 972 964 1239 1292 1099 323 291 391 418 635 726 448 614 591 377 418 279 134 190 0 246 200 386 308 489 527 622 669 921 774 855 851 921 976 935 950 1109 921 925 908 844 935 800 825 942 1083 749 613 426 699 1002 1301 1476 1219 1205 1329 1268 1473 1533 1310 1306 1249 1309 1586 1223 1560 1553 1535 899 1035 1054 1133 1181 1244 1549 1616 1916 1374 1648 1643 1469 1439 1604 1659 1810 1815 1930 1920 1393 1427 1427 1630 1664 1696 2111 1770 1805 1987 2022 2023 1818 1753
1677 1478 1565 1856 1775 1675 1395 1586 1586 1556 1405 1315 1186 1177 1586 1394 736 914 792 811 1087 1140 947 203 119 189 285 440 611 333 543 524 332 373 211 231 127 197 0 220 187 314 287 461 427 483 737 590 691 698 768 824 753 795 957 806 827 838 773 864 729 754 871 1013 715 568 468 741 931 1231 1406 1105 1135 1195 1115 1321 1381 1157 1153 1097 1157 1433 1071 1408 1400 1383 747 883 901 980 1029 1091 1479 1545 1845 1303 1577 1572 1316 1287 1451 1544 1695 1744 1816 1806 1241 1313 1313 1516 1511 1544 1958 1617 1653 1873 1870 1870 1665 1600
1702 1503 1590 1881 1800 1700 1420 1611 1611 1581 1430 1340 1211 1202 1611 1419 639 973 851 836 1112 1165 972 315 228 286 384 537 709 463 635 613 399 440 301 244 212 151 211 0 259 225 384 425 494 542 797 687 728 723 793 849 850 892 982 904 924 930 866 956 821 847 964 1105 782 635 522 796 1024 1323 1498 1202 1227 1220 1140 1346 1406 1182 1178 1122 1182 1458 1096 1433 1425 1408 772 908 926 1005 1054 1116 1571 1638 1938 1396 1670 1665 1341 1312 1476 1587 1793 1836 1913 1849 1266 1410 1410 1613 1536 1569 1983 1642 1678 1916 1895 1895 1690 1625
1622 1424 1511 1802 1721 1621 1340 1532 1531 1502 1350 1261 1131 1122 1532 1271 598 775 653 757 1032 1026 873 246 158 140 278 372 551 332 521 561 394 434 272 351 247 338 178 256 0 244 175 322 306 344 669 522 570 627 714 769 684 727 902 746 767 875 810 901 766 791 909 1050 776 630 530 803 969 1268 1443 1044 1172 1141 1061 1266 1327 1103 1099 1042 1102 1379 1016 1353 1346 1328 692 829 847 926 974 1037 1510 1583 1882 1313 1609 1535 1262 1232 1397 1484 1635 1776 1755 1746 1186 1253 1252 1456 1457 1490 1904 1563 1599 1813 1815 1816 1611 1546
1751 1552 1639 1930 1849 1749 1469 1660 1660 1630 1479 1389 1260 1251 1653 1281 484 786 663 885 1161 1036 899 409 322 334 452 523 748 529 718 747 541 582 434 387 354 271 304 222 242 0 365 218 438 376 807 706 702 709 842 898 864 907 1031 943 964 1061 996 1087 952 977 1094 1236 924 777 665 938 1154 1454 1629 1242 1358 1269 1189 1395 1455 1231 1227 1171 1231 1507 1145 1482 1474 1457 821 957 975 1054 1103 1165 1702 1768 2068 1510 1800 1733 1390 1361 1525 1636 1833 1967 1953 1898 1315 1450 1450 1653 1585 1618 2032 1691 1727 1965 1944 1944 1739 1674
1547 1348 1435 1726 1645 1545 1265 1456 1456 1426 1274 1185 1055 1047 1456 1251 578 756 633 681 957 1006 817 294 233 153 252 285 524 306 495 535 407 508 346 435 331 436 273 377 173 341 0 302 231 324 599 457 495 568 638 694 619 662 827 720 741 849 785 875 740 765 883 1024 754 604 604 877 943 1242 1417 1019 1146 1065 985 1191 1251 1027 1023 967 1027 1303 941 1277 1270 1253 617 753 771 850 899 961 1484 1557 1856 1287 1583 1510 1186 1157 1321 1432 1609 1750 1729 1694 1110 1227 1226 1430 1381 1414 1828 1487 1523 1761 1740 1740 1535 1470
1647 1448 1535 1826 1745 1645 1365 1556 1556 1526 1374 1285 1155 1147 1502 1130 428 635 512 781 1057 885 748 494 406 378 491 415 662 545 734 774 641 682 520 583 504 490 447 423 320 194 298 0 331 225 699 598 595 558 738 794 757 799 927 912 933 1088 1019 1114 979 1004 1051 1206 993 843 777 1051 1182 1481 1627 1210 1338 1165 1085 1291 1351 1127 1123 1067 1127 1403 1041 1378 1370 1353 717 853 871 950 999 1061 1676 1749 2066 1479 1775 1701 1286 1257 1421 1532 1764 1942 1866 1794 1210 1419 1418 1616 1481 1514 1928 1587 1623 1861 1840 1840 1635 1570
1478 1279 1366 1657 1576 1476 1196 1387 1387 1357 1206 1116 987 978 1388 1187 606 784 662 612 888 933 740 411 378 281 369 199 446 423 549 652 524 626 492 567 476 564 418 482 306 414 226 319 0 287 368 344 263 491 487 504 440 564 670 694 714 893 800 938 857 800 832 987 871 721 749 1004 1043 1342 1408 992 1120 996 916 1122 1182 958 954 898 958 1234 872 1209 1201 1184 548 684 687 782 830 892 1458 1531 1848 1260 1557 1483 1117 1088 1252 1363 1583 1723 1697 1625 1042 1200 1200 1403 1312 1345 1759 1418 1454 1692 1671 1671 1466 1401
1517 1318 1405 1696 1615 1515 1235 1426 1426 1396 1244 1155 994 985 1337 1003 427 507 426 649 911 758 609 516 428 400 513 418 665 567 756 796 663 704 542 617 527 614 469 533 342 352 320 214 284 0 583 565 438 364 608 663 661 785 797 915 935 1097 1004 1136 1001 1004 1036 1191 1015 865 799 1073 1204 1503 1612 1213 1324 1035 955 1161 1221 997 993 937 997 1273 911 1247 1240 1222 587 723 741 820 868 931 1667 1735 2052 1481 1699 1622 1156 1127 1291 1402 1634 1866 1736 1664 1080 1298 1375 1486 1351 1384 1798 1457 1493 1731 1710 1710 1505 1440
1243 1057 1117 1430 1336 1254 974 1165 1165 1135 983 890 760 751 1161 997 946 760 764 386 661 853 708 623 666 589 549 387 402 587 587 661 703 805 730 848 744 866 727 785 665 783 595 688 361 580 0 250 149 480 184 165 159 283 334 413 433 612 519 657 592 519 551 706 907 832 987 1066 762 1061 1127 711 839 662 683 900 943 736 732 676 701 1006 650 987 933 916 326 350 351 514 495 666 1177 1250 1567 979 1276 1202 895 866 1030 1095 1302 1442 1422 1357 774 919 919 1122 1090 1123 1537 1196 1186 1424 1449 1449 1244 1162
1487 1302 1361 1675 1581 1499 1219 1410 1409 1380 1228 1134 1005 996 1406 1241 845 893 897 631 906 1055 862 475 518 442 401 239 242 402 424 574 556 658 583 701 597 729 580 684 518 682 454 587 337 562 242 0 238 613 428 359 231 355 501 481 501 680 587 725 660 587 619 774 879 729 840 1011 830 1129 1195 779 907 847 907 1145 1168 981 977 921 926 1230 895 1231 1158 1140 571 574 531 739 718 910 1245 1318 1635 1047 1344 1270 1140 1111 1275 1218 1370 1510 1490 1480 998 987 987 1190 1335 1368 1695 1441 1411 1547 1693 1694 1488 1406
1318 1133 1192 1505 1412 1330 1049 1241 1240 1211 1059 965 836 827 1236 1072 837 682 686 461 737 844 651 596 640 545 523 360 420 560 602 751 677 779 704 800 718 796 682 715 570 678 490 583 257 435 143 216 0 402 228 285 285 409 452 538 559 737 645 783 717 645 677 832 1025 875 961 1157 887 1186 1253 836 964 779 770 975 1035 812 808 751 811 1088 725 1062 1051 1033 401 467 468 631 613 741 1302 1375 1692 1105 1401 1327 971 941 1106 1213 1427 1568 1547 1474 891 1045 1044 1248 1166 1199 1613 1272 1303 1541 1524 1525 1319 1237
1370 1185 1244 1557 1464 1382 1097 1266 1288 1263 1111 897 689 680 1032 755 636 409 412 394 606 500 307 729 676 599 688 613 795 742 930 971 842 938 790 773 749 770 683 688 625 685 551 546 485 356 472 591 390 0 475 530 602 699 663 791 812 964 871 1009 943 871 903 1058 1190 1040 1001 1275 1113 1412 1479 1089 1191 902 822 1027 1087 864 860 803 863 1140 777 1114 1107 1089 453 589 608 687 735 717 1534 1601 1918 1357 1566 1489 1023 993 1158 1269 1500 1733 1603 1530 947 1165 1242 1352 1218 1250 1665 1324 1359 1597 1576 1577 1371 1289
1239 1054 1113 1426 1333 1250 970 1161 1161 1131 980 886 756 747 1157 993 955 756 760 382 657 850 704 798 769 692 724 562 549 762 735 809 878 980 883 866 842 863 776 781 723 827 644 737 481 607 178 417 226 447 0 235 307 431 400 560 581 759 667 805 739 667 699 854 1054 980 1094 1214 909 1208 1275 859 986 728 690 896 956 732 728 672 732 1008 646 983 975 958 322 416 417 556 561 662 1324 1397 1714 1127 1423 1349 891 862 1026 1137 1369 1590 1471 1399 816 1034 1066 1221 1086 1119 1533 1192 1228 1466 1445 1445 1240 1158
1205 1020 1079 1393 1299 1217 937 1128 1127 1098 946 868 812 803 1173 1048 1011 812 816 438 713 905 760 770 813 736 696 534 463 693 648 720 841 895 877 922 891 918 832 837 779 882 700 792 498 663 159 354 283 503 214 0 185 315 218 435 494 671 578 716 651 579 610 766 966 891 1080 1126 821 1120 1187 684 898 572 606 862 867 699 695 638 625 929 613 949 857 839 378 273 235 437 419 676 1150 1234 1587 952 1249 1175 858 828 993 1019 1250 1416 1353 1281 697 893 892 1096 1053 1086 1495 1159 1110 1347 1411 1412 1206 1124
1320 1135 1194 1508 1414 1332 1052 1243 1242 1213 1061 983 883 874 1284 1120 1004 883 887 509 784 976 831 637 681 605 563 390 277 519 462 536 655 708 744 863 759 891 742 846 680 840 616 745 434 659 153 227 283 574 285 179 0 158 312 287 308 487 394 532 467 394 426 581 781 707 896 941 636 935 1002 586 714 659 753 977 1013 814 810 754 771 1076 728 1064 1003 986 449 421 342 584 530 789 1052 1125 1442 854 1150 1077 973 943 1108 1025 1177 1317 1297 1287 844 794 794 997 1168 1201 1502 1274 1256 1354 1526 1527 1321 1239
1302 1117 1176 1489 1396 1314 1033 1225 1224 1195 1043 965 996 987 1270 1232 1046 991 995 621 897 1089 943 652 716 647 578 432 319 531 454 555 646 700 759 878 774 906 785 889 723 883 659 788 558 783 277 350 407 682 409 308 156 0 292 194 255 482 389 527 485 391 418 575 800 726 908 960 655 932 996 493 708 582 734 959 995 795 792 735 753 1057 709 1046 985 968 540 403 363 566 547 773 959 1043 1396 761 1057 984 955 925 1090 932 1083 1224 1204 1194 825 701 701 904 1150 1182 1409 1256 1169 1261 1508 1509 1303 1221
1290 1104 1164 1477 1383 1301 1021 1212 1212 1182 1031 953 977 968 1258 1213 1176 977 981 602 878 1070 924 811 875 849 737 635 522 690 613 759 806 859 919 1037 933 1065 986 1002 926 1047 862 957 664 828 328 496 449 668 379 211 310 283 0 258 344 600 507 645 676 509 433 656 1005 930 1067 1164 860 1051 1115 508 763 454 596 876 857 783 779 723 615 919 697 1004 847 829 432 280 117 428 305 760 973 1058 1410 776 1072 998 942 913 1077 947 1098 1239 1218 1209 679 716 715 919 1075 1170 1424 1181 1094 1276 1433 1496 1291 1209
1421 1222 1309 1600 1519 1419 1139 1330 1330 1300 1148 1070 1101 1092 1376 1338 1201 1109 1103 727 1002 1194 1049 642 713 677 568 567 415 530 440 529 632 677 746 902 791 939 820 917 757 956 734 925 707 928 426 494 551 817 573 448 301 208 271 0 72 337 244 382 413 246 242 431 741 667 856 901 596 787 932 379 564 470 771 1051 985 901 897 841 790 1091 815 1151 933 903 607 455 292 602 431 878 801 888 1246 625 904 835 1060 1031 1195 773 925 1065 1045 1035 780 542 542 745 1249 1288 1250 1355 1010 1102 1608 1614 1409 1344
1415 1230 1289 1602 1508 1426 1146 1337 1337 1307 1156 1078 1106 1086 1375 1323 1179 1104 1108 733 973 1198 1021 643 707 681 569 565 394 522 445 447 587 627 709 838 742 883 818 922 763 939 739 921 708 933 427 486 557 795 559 488 306 235 341 65 0 288 196 334 364 197 226 382 690 593 792 830 544 732 803 407 515 533 844 1072 1058 908 904 848 862 1164 822 1159 1006 975 652 516 364 675 504 885 859 925 1242 675 957 897 1067 1038 1202 846 997 1124 1117 1108 853 615 614 818 1262 1295 1323 1368 1083 1175 1621 1621 1416 1334
1579 1393 1453 1766 1672 1590 1310 1501 1501 1471 1319 1242 1269 1250 1539 1487 1353 1268 1272 897 1137 1362 1185 673 770 784 639 742 621 568 424 424 564 604 686 815 719 860 835 928 871 1048 847 1094 884 1109 604 662 733 958 736 664 483 450 598 330 277 0 99 87 199 223 226 241 604 548 747 744 348 550 621 424 340 738 1011 1236 1162 1072 1068 1012 1029 1251 986 1323 1093 1062 816 680 621 842 760 1049 684 751 1060 509 783 778 1231 1202 1366 933 995 950 1101 1195 960 702 701 849 1426 1459 1410 1532 1170 1262 1785 1785 1580 1498
1486 1300 1360 1673 1579 1497 1217 1408 1408 1378 1227 1149 1176 1157 1446 1394 1263 1175 1179 804 1044 1269 1092 609 706 719 575 649 528 504 360 360 500 540 622 751 655 795 771 863 807 983 783 1005 792 1016 511 569 640 865 643 571 390 357 505 238 184 97 0 145 192 130 133 238 559 503 702 699 418 625 696 432 413 677 918 1143 1141 979 975 919 936 1230 893 1230 1072 1042 723 587 528 749 667 956 731 798 1135 555 830 825 1138 1109 1273 912 1041 996 1148 1174 939 681 681 884 1333 1366 1389 1439 1149 1241 1692 1692 1487 1405
1624 1438 1498 1811 1717 1635 1355 1546 1546 1516 1365 1287 1314 1295 1584 1532 1379 1313 1317 942 1182 1407 1230 699 797 810 665 787 666 595 451 450 590 631 712 841 745 886 861 954 898 1074 873 1121 930 1147 649 707 778 1003 781 709 528 495 643 376 322 84 141 0 225 268 271 248 609 553 752 748 280 496 567 401 311 750 1056 1281 1141 1117 1113 1057 1074 1230 1031 1330 1072 1042 861 725 666 887 805 1094 655 711 1006 479 754 749 1276 1247 1411 912 965 920 1072 1174 939 681 681 820 1471 1504 1389 1577 1149 1241 1830 1830 1625 1543
1547 1361 1421 1734 1640 1558 1278 1469 1469 1439 1288 1210 1237 1218 1507 1455 1244 1236 1240 865 1105 1330 1153 564 662 675 530 710 597 460 316 312 455 496 577 706 610 751 726 819 763 939 738 986 850 1012 572 630 701 926 704 632 451 418 653 386 332 196 189 217 0 215 301 395 471 415 614 611 409 676 765 586 496 845 979 1204 1240 1040 1036 980 997 1302 954 1291 1230 1212 784 648 663 810 792 1017 840 907 1204 664 939 934 1199 1170 1334 1097 1150 1105 1257 1358 1070 865 865 1005 1394 1427 1573 1500 1333 1425 1753 1753 1548 1466
1486 1301 1360 1673 1580 1498 1217 1409 1408 1379 1227 1149 1177 1158 1446 1394 1263 1175 1179 804 1044 1269 1092 589 687 700 556 649 530 485 341 340 480 521 602 732 635 776 752 844 788 964 764 1005 792 1017 511 570 641 866 643 572 390 358 507 239 186 220 127 265 204 0 206 358 540 484 683 680 464 709 779 549 491 699 918 1143 1179 979 976 919 937 1241 893 1230 1157 1126 724 587 530 750 669 957 835 902 1219 659 934 929 1138 1109 1274 997 1146 1100 1252 1259 1009 766 765 969 1334 1366 1474 1440 1234 1326 1692 1693 1487 1405
1518 1333 1392 1705 1612 1529 1249 1440 1440 1410 1259 1181 1209 1189 1478 1426 1295 1207 1211 836 1076 1301 1124 707 804 817 673 681 559 602 458 458 598 638 720 849 753 894 869 962 905 1081 881 1037 824 1049 543 601 672 898 675 603 422 389 431 236 214 223 130 268 290 201 0 256 657 602 800 797 508 673 744 368 455 554 933 1175 1061 1011 1007 951 952 1150 925 1250 992 961 755 617 454 765 593 988 765 832 1183 589 864 859 1170 1141 1306 832 983 1030 1103 1094 859 601 600 804 1365 1398 1309 1471 1069 1161 1724 1724 1519 1437
1673 1488 1547 1860 1767 1685 1404 1596 1595 1566 1414 1336 1364 1345 1633 1581 1450 1362 1366 991 1231 1456 1279 848 946 959 814 836 715 743 599 599 739 779 861 990 894 1035 1010 1103 1046 1223 1022 1192 979 1204 698 757 828 1053 830 759 577 544 654 424 370 238 237 244 384 353 243 0 757 743 942 938 415 579 650 307 321 653 1105 1231 1044 1166 1163 1106 1078 1133 1080 1234 975 945 911 774 677 937 782 1144 606 673 1026 430 705 700 1325 1296 1461 815 916 871 1023 1077 842 584 584 771 1398 1507 1292 1530 1052 1144 1762 1880 1642 1592
1874 1689 1748 2062 1968 1886 1606 1797 1796 1767 1615 1537 1565 1546 1835 1783 1244 1453 1341 1192 1432 1635 1411 578 650 689 545 762 760 497 450 321 466 313 537 633 570 711 715 779 777 919 753 1000 864 1026 900 854 1020 1168 1031 960 778 746 981 713 671 607 562 611 474 543 660 759 0 221 322 254 405 635 911 905 760 1173 1307 1532 1567 1368 1364 1308 1325 1630 1282 1618 1557 1540 1112 975 990 1138 1119 1345 1104 1055 1310 928 1203 1198 1527 1498 1662 1424 1414 1369 1521 1670 1398 1193 1192 1269 1722 1755 1901 1828 1661 1753 2081 2081 1875 1793
1815 1630 1689 2002 1909 1826 1546 1737 1737 1708 1556 1478 1506 1486 1775 1722 1098 1303 1191 1133 1373 1485 1261 428 504 539 395 612 610 347 300 171 316 167 391 503 424 565 568 633 627 772 603 850 714 876 840 704 870 1018 972 900 719 686 921 654 612 573 528 578 440 509 626 767 218 0 238 306 549 851 1102 936 846 1113 1247 1472 1508 1308 1304 1248 1266 1570 1222 1559 1498 1480 1052 916 931 1079 1060 1286 1190 1246 1526 1014 1289 1284 1467 1438 1603 1412 1500 1455 1607 1673 1338 1180 1180 1355 1662 1695 1888 1768 1648 1740 2021 2021 1816 1734
1986 1801 1860 2174 2080 1998 1718 1909 1908 1879 1727 1638 1506 1486 1901 1695 986 1237 1125 1133 1373 1459 1235 410 411 506 489 706 748 476 489 360 364 208 308 309 312 412 476 521 545 661 619 784 758 815 985 820 964 992 1069 1089 908 875 1065 843 801 762 717 766 629 698 815 956 319 214 0 272 728 958 1234 1125 1035 1287 1436 1644 1697 1480 1476 1420 1455 1756 1394 1730 1687 1669 1070 1105 1088 1267 1249 1414 1379 1378 1633 1203 1478 1473 1639 1610 1774 1601 1689 1644 1796 1862 1527 1369 1369 1544 1834 1867 2077 1940 1837 1929 2193 2193 1987 1906
2034 1849 1908 2221 2128 2046 1765 1957 1956 1927 1775 1697 1725 1706 1994 1942 1260 1510 1398 1352 1592 1732 1508 684 684 779 677 895 893 629 583 453 559 376 581 583 586 685 749 794 818 934 885 1057 997 1088 1059 986 1152 1265 1191 1120 938 906 1140 873 831 766 722 771 633 703 820 961 251 284 257 0 660 890 1166 1129 1015 1332 1466 1691 1727 1527 1524 1467 1485 1789 1441 1778 1717 1700 1272 1135 1150 1298 1279 1505 1359 1310 1565 1183 1458 1453 1686 1657 1822 1631 1669 1624 1776 1893 1557 1399 1399 1524 1882 1914 2107 1988 1867 1959 2240 2241 2035 1953
1724 1539 1598 1911 1817 1735 1455 1646 1646 1616 1465 1387 1414 1395 1684 1632 1447 1413 1417 1042 1282 1507 1330 767 865 878 733 887 774 663 519 518 658 667 780 909 813 954 929 1022 966 1142 941 1189 1030 1215 749 807 878 1103 881 809 628 595 830 563 521 351 422 284 413 446 512 419 403 524 713 638 0 397 639 564 419 921 1156 1381 1312 1217 1213 1157 1175 1401 1131 1468 1243 1213 961 825 840 987 969 1194 763 783 1072 588 862 857 1376 1347 1511 1083 1074 1028 1180 1330 1110 852 852 928 1571 1604 1560 1677 1320 1412 1930 1930 1725 1643
2023 1838 1897 2210 2117 2034 1754 1945 1945 1915 1764 1686 1714 1694 1983 1931 1746 1712 1716 1341 1581 1806 1629 1066 1164 1177 1033 1186 1071 962 818 817 957 949 1079 1209 1112 1253 1228 1321 1265 1441 1240 1488 1329 1514 1048 1106 1177 1403 1180 1108 927 894 1048 781 739 557 632 502 682 715 679 585 632 826 943 867 393 0 289 664 455 1045 1455 1590 1403 1516 1512 1456 1437 1492 1430 1592 1334 1303 1260 1124 1071 1286 1197 1493 604 433 688 619 611 718 1675 1646 1810 1088 969 778 1042 1191 1231 973 904 879 1720 1866 1599 1885 1374 1446 2069 2229 2000 1942
2187 1989 2075 2366 2285 2186 1905 2097 2096 2067 1915 1837 1868 1859 2142 2104 1980 1876 1870 1493 1769 1961 1815 1328 1421 1434 1287 1346 1244 1232 1089 1103 1214 1253 1336 1494 1410 1557 1493 1579 1521 1716 1498 1705 1486 1707 1205 1273 1331 1583 1353 1266 1080 1060 1195 925 883 701 776 647 845 859 824 730 950 1166 1273 1205 713 328 0 783 502 1125 1489 1495 1308 1643 1549 1575 1342 1398 1581 1498 1240 1209 1412 1275 1216 1320 1322 1645 513 343 508 623 523 646 1826 1797 1939 993 874 683 947 1097 1139 879 817 785 1626 1771 1504 1790 1279 1351 1975 2294 1907 2048
1751 1552 1639 1913 1849 1749 1469 1660 1659 1630 1478 1390 1431 1422 1705 1667 1531 1439 1433 1057 1332 1524 1379 972 1043 1007 898 897 745 860 770 848 956 995 1076 1232 1121 1269 1150 1247 1087 1286 1064 1255 1037 1258 756 824 881 1147 903 729 631 538 552 365 451 446 454 423 608 571 395 329 927 958 1147 1151 586 686 702 0 280 431 897 997 810 1122 1051 1052 844 899 1085 999 741 711 847 695 573 728 608 1115 491 578 936 315 595 525 1337 1361 1441 581 678 755 798 843 608 350 350 513 1164 1273 1058 1296 818 910 1528 1820 1408 1550
1819 1621 1707 1999 1918 1818 1537 1729 1728 1699 1547 1469 1500 1491 1774 1736 1613 1508 1502 1125 1401 1593 1447 977 1070 1084 937 979 876 881 739 752 863 903 986 1143 1060 1206 1143 1228 1170 1365 1148 1337 1118 1339 837 905 963 1215 985 898 712 692 763 557 515 341 413 311 496 492 456 322 760 846 1035 1015 420 455 422 258 0 623 1089 1189 1002 1300 1243 1239 1036 1091 1213 1191 933 902 1044 906 784 920 819 1277 344 414 759 213 447 475 1459 1429 1594 771 653 608 760 909 800 542 506 508 1356 1465 1250 1487 1010 1102 1720 2012 1600 1742
1458 1260 1346 1637 1556 1527 1247 1438 1382 1338 1186 1045 1236 1227 1484 1472 1459 1244 1238 862 1125 1325 1179 1046 1117 1080 972 971 819 934 844 991 1036 1089 1150 1306 1195 1342 1224 1259 1161 1307 1123 1223 1015 1085 678 856 796 951 745 588 668 591 470 456 542 747 686 759 865 708 563 662 1203 1129 1296 1363 930 1054 1045 408 622 0 552 761 552 777 742 707 538 692 740 792 541 524 536 408 347 383 251 771 725 854 1162 580 768 695 1097 1068 1233 522 728 929 848 783 341 359 380 549 960 1066 998 1066 744 850 1318 1613 1201 1343
941 742 829 1120 1039 1175 832 970 864 820 668 536 918 822 1132 1196 1347 1132 1126 673 723 1066 942 1192 1145 1064 1144 1025 932 1161 1090 1123 1231 1271 1249 1244 1242 1275 1149 1147 1088 1195 1011 1112 957 973 687 912 801 840 722 611 759 776 600 775 848 1041 948 1086 1020 948 938 1135 1335 1261 1450 1495 1190 1489 1493 901 1093 556 0 349 335 260 247 192 178 389 223 486 399 438 370 413 461 170 404 359 1027 1163 1458 1047 1064 991 580 551 715 709 972 1224 1049 957 439 657 782 844 543 684 990 649 708 1023 902 1134 820 864
894 695 782 997 992 1202 746 883 817 773 622 594 970 874 1211 1298 1542 1327 1321 897 775 1168 1139 1387 1340 1259 1339 1249 1155 1385 1314 1347 1455 1495 1444 1439 1437 1470 1344 1342 1283 1390 1206 1307 1152 1168 921 1158 996 1035 917 857 983 1000 881 1056 1113 1265 1172 1310 1244 1172 1204 1235 1559 1485 1653 1719 1414 1594 1500 1001 1193 766 344 0 274 171 257 300 319 143 308 169 296 338 650 693 741 451 673 556 1034 1169 1464 1054 1070 993 422 464 525 609 872 1175 949 857 521 663 812 836 297 382 744 403 500 789 656 923 503 653
1141 943 1029 1206 1239 1427 993 1131 1064 1020 869 788 1171 1074 1384 1448 1600 1385 1378 944 975 1318 1195 1445 1397 1317 1396 1282 1188 1418 1347 1380 1488 1527 1501 1496 1494 1527 1401 1400 1341 1448 1264 1364 1209 1225 944 1169 1054 1092 974 867 1015 1033 857 985 1058 1162 1141 1141 1277 1205 1061 1044 1592 1517 1706 1752 1312 1403 1308 810 1002 552 330 270 0 418 361 385 272 194 476 306 110 148 636 669 717 437 539 612 843 978 1273 863 879 803 631 712 734 419 682 985 759 667 313 472 621 646 463 567 855 568 418 734 821 1113 702 844
813 614 701 992 911 1121 665 802 736 692 541 448 824 728 1130 1152 1392 1177 1171 747 629 1022 989 1237 1190 1109 1189 1099 1005 1235 1164 1197 1305 1345 1294 1289 1287 1320 1194 1192 1133 1240 1056 1157 1002 1018 771 1008 846 885 767 707 833 850 814 955 963 1115 1022 1160 1094 1022 1054 1209 1409 1335 1503 1569 1264 1563 1640 1142 1333 797 270 162 414 0 171 173 403 312 158 254 440 478 547 653 701 411 645 406 1174 1310 1604 1194 1211 1134 412 383 531 749 1013 1316 1089 997 661 804 953 976 457 467 904 563 668 958 807 950 588 681
901 703 789 1080 999 1196 753 891 824 780 629 531 908 811 1152 1216 1368 1153 1147 721 712 1086 963 1213 1165 1085 1165 1075 981 1211 1140 1173 1281 1320 1269 1265 1262 1295 1169 1168 1109 1216 1032 1132 977 994 746 984 822 860 743 682 808 826 790 931 938 1090 997 1135 1070 998 1029 1185 1385 1310 1478 1544 1240 1539 1554 1055 1247 746 242 252 361 175 0 74 257 401 188 345 420 459 523 603 651 360 594 380 1088 1223 1518 1108 1124 1051 500 472 619 730 993 1285 1070 978 542 717 866 905 548 558 995 654 729 1044 898 1038 679 769
906 708 795 1086 1005 1141 796 934 830 786 634 491 868 771 1097 1161 1313 1098 1092 666 672 1031 908 1158 1111 1030 1110 1020 926 1156 1085 1118 1226 1265 1215 1210 1207 1241 1115 1113 1054 1161 977 1077 923 939 692 929 767 806 688 628 753 771 735 876 883 1035 942 1080 1015 943 975 1130 1330 1255 1423 1490 1185 1484 1578 1059 1251 714 187 295 385 176 73 0 257 439 148 388 449 487 468 570 618 328 562 325 1112 1247 1542 1132 1149 1076 543 515 663 758 1022 1309 1098 1006 566 741 890 929 591 601 1038 697 757 1073 941 1081 722 812
1060 862 948 1239 1159 1295 952 1089 984 940 788 655 1014 918 1251 1272 1399 1184 1178 722 809 1142 1009 1244 1197 1116 1196 1068 974 1204 1133 1166 1274 1314 1301 1296 1294 1327 1201 1199 1140 1247 1063 1164 1009 1025 730 955 847 892 774 654 801 819 643 818 891 1083 991 1129 1063 991 980 1082 1378 1304 1492 1538 1233 1440 1346 848 1039 542 173 315 272 379 253 254 0 359 343 456 287 270 412 455 503 213 404 437 880 1016 1310 900 917 844 700 670 812 541 804 1077 881 788 320 510 658 697 513 654 960 619 540 855 872 1191 790 939
1038 840 926 1119 1137 1346 891 1028 962 918 766 738 1115 1018 1356 1443 1653 1438 1432 998 919 1313 1248 1498 1451 1370 1450 1345 1252 1481 1410 1444 1551 1591 1555 1550 1548 1581 1455 1453 1394 1501 1317 1418 1263 1279 1007 1232 1107 1146 1028 931 1079 1096 921 1092 1165 1252 1231 1231 1341 1268 1151 1135 1655 1581 1764 1815 1402 1493 1399 900 1092 693 384 139 194 315 399 436 355 0 452 220 186 237 690 733 781 490 681 665 933 1068 1363 953 970 893 544 609 648 508 772 1074 848 756 420 563 711 735 332 472 779 438 404 723 690 1009 615 757
880 682 768 1059 978 1114 700 837 792 754 608 380 756 660 1071 1084 1287 1071 1065 644 561 954 886 1131 1084 1003 1083 993 900 1129 1058 1092 1200 1239 1188 1183 1181 1214 1088 1087 1028 1135 951 1051 896 912 665 902 741 779 661 601 727 744 709 850 857 1009 916 1054 989 916 948 1103 1304 1229 1397 1463 1158 1458 1604 1081 1236 736 209 300 475 136 187 146 327 448 0 392 539 577 442 563 640 350 584 303 1202 1338 1632 1222 1239 1166 519 461 654 848 1112 1399 1189 1096 619 832 962 1019 594 604 1041 700 806 1095 944 1073 726 804
875 676 735 899 973 1274 819 956 814 768 619 681 1057 961 1284 1385 1629 1414 1408 984 862 1255 1226 1474 1427 1346 1426 1336 1242 1472 1401 1434 1542 1582 1531 1526 1524 1557 1431 1429 1370 1477 1293 1394 1239 1255 1008 1245 1083 1122 1004 944 1070 1087 1017 1192 1200 1352 1259 1344 1331 1259 1264 1247 1646 1572 1740 1806 1501 1606 1511 1013 1205 806 481 164 306 257 343 387 452 218 394 0 299 350 784 829 877 587 793 643 1046 1181 1476 1065 1082 1005 323 537 427 621 884 1187 961 828 532 675 824 847 262 277 709 368 455 744 617 825 399 555
1153 968 1008 1194 1247 1469 1017 1154 1060 1046 894 852 1234 1125 1440 1490 1585 1387 1390 935 1012 1366 1189 1453 1399 1323 1411 1263 1150 1392 1322 1336 1476 1516 1513 1496 1472 1493 1406 1412 1354 1457 1274 1367 1217 1237 928 1154 1049 1077 967 850 1003 1008 842 920 994 1090 1071 1069 1245 1152 985 969 1579 1482 1681 1719 1239 1328 1159 719 932 525 394 292 110 443 416 447 283 185 539 285 0 66 618 655 696 426 526 660 772 905 1195 770 804 716 623 737 727 337 601 903 677 585 260 403 552 564 485 559 765 590 307 626 843 1106 694 818
1192 1007 1059 1244 1286 1507 1056 1192 1098 1084 933 890 1272 1163 1478 1512 1568 1369 1373 918 1043 1348 1171 1435 1382 1305 1394 1245 1132 1369 1291 1319 1459 1499 1496 1479 1455 1475 1389 1394 1336 1439 1257 1349 1200 1220 910 1136 1032 1060 950 833 986 990 825 889 964 1060 1040 1038 1215 1121 955 939 1551 1465 1664 1701 1209 1297 1128 689 902 508 433 333 148 481 454 485 266 236 577 336 59 0 601 638 678 408 508 691 742 874 1164 740 774 649 674 776 778 270 534 836 610 518 243 373 522 497 526 610 727 632 269 585 885 1157 744 869
1017 819 905 1196 1115 1015 735 926 926 897 745 667 763 727 972 1000 986 771 765 389 661 856 711 831 784 703 783 715 745 849 904 937 939 1034 888 883 881 914 788 786 727 834 650 751 596 612 365 610 440 479 361 417 488 590 441 616 689 855 762 900 834 762 778 949 1149 1075 1097 1309 1004 1303 1450 856 1067 545 365 645 636 497 493 437 384 688 411 748 627 610 0 155 301 209 330 427 1056 1192 1486 1076 1093 1020 656 627 792 789 1021 1253 1123 1051 468 686 811 873 844 884 1266 950 880 1118 1202 1210 1006 941
1138 940 1026 1317 1236 1136 856 1047 1047 1017 866 788 856 847 1093 1092 1107 892 886 456 757 910 765 937 905 824 863 693 599 829 758 791 899 939 1009 1004 1002 1035 909 907 848 955 771 872 692 733 356 580 473 600 422 279 427 444 285 460 533 708 616 754 688 616 622 803 1003 929 1117 1163 858 1157 1304 700 911 413 409 689 669 618 598 558 427 732 532 816 659 642 146 0 145 242 240 554 1088 1203 1518 929 1125 1052 777 748 912 821 1053 1285 1155 1083 499 718 749 905 887 1005 1298 993 912 1150 1245 1331 1127 1062
1276 1077 1164 1455 1374 1274 994 1185 1185 1155 1004 926 956 947 1231 1193 1179 964 958 582 857 1049 904 880 950 896 806 716 622 768 678 835 870 922 983 1076 1029 1107 981 979 920 1027 844 944 729 805 393 572 510 672 459 277 384 405 159 333 406 663 570 708 732 572 496 719 1047 972 1130 1207 902 1113 1257 615 826 358 456 737 717 682 646 611 475 779 645 864 707 690 292 140 0 289 206 666 1012 1121 1479 848 1086 1013 915 886 1050 848 1050 1247 1170 1109 547 668 667 871 935 1075 1324 1041 960 1176 1293 1469 1211 1199
1072 874 960 1251 1170 1225 945 1101 995 952 800 659 897 858 1182 1133 1196 981 975 519 750 951 806 1041 994 913 993 854 760 990 919 952 1060 1100 1098 1093 1091 1124 998 996 937 1044 861 961 806 822 516 741 634 689 571 440 588 605 429 604 677 870 777 915 849 777 767 964 1164 1090 1279 1324 1019 1318 1322 730 922 385 166 446 437 391 356 321 184 489 354 574 427 410 200 238 278 0 233 384 856 992 1287 876 893 820 711 682 847 590 821 1053 924 851 268 486 611 673 644 785 1066 750 680 918 1003 1265 921 996
1306 1108 1194 1485 1404 1346 1066 1257 1229 1185 1034 885 1067 1057 1303 1304 1291 1075 1069 693 952 1151 1005 1022 1088 1007 947 848 754 910 819 946 1012 1064 1125 1187 1170 1218 1092 1091 1031 1138 955 1055 846 916 510 733 627 783 576 433 544 565 319 445 518 774 681 820 843 683 607 796 1158 1083 1271 1318 1013 1211 1336 622 833 265 400 668 539 625 590 555 400 679 588 780 529 512 321 234 195 231 0 609 936 1071 1366 847 972 899 945 916 1081 672 903 1133 1006 933 370 565 647 753 866 1007 1148 972 782 1000 1225 1499 1140 1230
961 763 849 1140 1059 1095 670 871 826 789 675 316 635 539 973 953 1300 904 1035 458 439 823 700 1152 1105 1024 1104 1036 981 1170 1139 1173 1260 1320 1209 1204 1202 1235 1109 1108 1048 1156 972 1072 917 933 682 926 757 733 678 682 805 825 790 931 938 1090 997 1135 1070 998 1029 1185 1385 1310 1418 1544 1240 1539 1686 1131 1318 787 342 552 608 388 380 324 408 660 302 638 672 707 443 570 682 400 625 0 1258 1393 1688 1278 1294 1221 600 511 736 978 1222 1455 1319 1226 669 887 1012 1075 785 818 1232 891 978 1293 1144 1154 939 885
1901 1703 1782 1945 1999 2072 1753 1891 1824 1780 1629 1515 1744 1705 2029 1980 1954 1828 1822 1366 1596 1798 1653 1322 1416 1429 1282 1320 1168 1227 1084 1098 1208 1248 1331 1489 1405 1551 1488 1573 1510 1708 1487 1678 1460 1669 1179 1247 1304 1536 1326 1152 1053 960 975 788 860 686 733 657 841 837 767 608 1106 1191 1380 1361 765 607 432 469 344 716 1023 1029 843 1177 1083 1110 877 932 1202 1032 774 743 1047 1084 996 855 932 1242 0 183 514 223 120 198 1370 1472 1474 528 409 281 489 638 673 413 344 319 1160 1306 1039 1325 814 891 1509 1828 1441 1583
2036 1838 1917 2081 2135 2208 1889 2026 1960 1916 1764 1651 1879 1840 2164 2116 2027 1922 1916 1501 1732 1934 1788 1392 1485 1498 1351 1393 1255 1296 1153 1167 1278 1317 1400 1558 1475 1621 1558 1643 1585 1780 1562 1752 1533 1754 1252 1320 1378 1630 1400 1239 1127 1047 1062 875 930 756 802 716 911 906 836 677 1059 1251 1383 1314 788 437 262 556 413 845 1159 1165 978 1313 1219 1245 1012 1067 1338 1167 909 879 1183 1198 1083 990 1068 1377 179 0 367 293 193 315 1505 1607 1609 663 544 353 617 766 809 548 487 454 1295 1441 1174 1460 949 1021 1644 1963 1576 1718
2331 2133 2212 2375 2429 2503 2184 2321 2255 2211 2059 1945 2174 2135 2459 2410 2360 2255 2249 1796 2027 2228 2083 1707 1801 1814 1667 1726 1612 1612 1469 1483 1593 1633 1716 1874 1790 1936 1873 1958 1900 2095 1878 2084 1866 2087 1585 1653 1710 1963 1732 1597 1460 1405 1420 1233 1263 1081 1156 1027 1225 1239 1194 1035 1362 1561 1685 1617 1099 740 502 914 758 1153 1454 1460 1273 1608 1514 1540 1307 1362 1632 1462 1204 1173 1477 1514 1440 1285 1363 1672 512 362 0 651 436 575 1800 1902 1904 958 839 596 884 1034 1103 843 812 749 1590 1736 1469 1755 1244 1288 1939 2258 1871 2013
1921 1722 1802 1965 2019 1996 1715 1907 1844 1800 1649 1535 1678 1669 1952 1914 1778 1686 1679 1303 1579 1771 1625 1191 1284 1253 1144 1144 992 1095 953 966 1077 1117 1200 1358 1274 1420 1357 1442 1334 1532 1311 1502 1284 1504 1002 1070 1128 1393 1150 976 877 784 799 612 698 555 602 525 710 706 636 477 974 1060 1249 1229 634 666 543 293 212 571 1043 1049 863 1197 1103 1130 896 952 1222 1052 794 763 1067 924 820 874 833 1262 222 289 641 0 327 339 1390 1491 1494 609 492 487 612 761 693 433 301 346 1216 1326 1109 1348 869 961 1580 1872 1461 1603
1938 1739 1818 1982 2036 2109 1790 1927 1861 1817 1665 1552 1780 1741 2065 2017 2057 1865 1858 1402 1633 1835 1689 1425 1519 1532 1385 1423 1271 1330 1187 1201 1311 1351 1434 1592 1508 1654 1591 1676 1613 1811 1590 1781 1563 1705 1282 1350 1407 1572 1429 1255 1156 1063 1078 891 963 789 836 760 945 940 870 711 1209 1295 1483 1464 868 617 442 573 447 759 1060 1066 879 1214 1120 1146 913 968 1239 1069 810 780 1084 1121 1075 891 969 1278 118 188 427 280 0 181 1406 1508 1510 564 445 172 491 640 710 449 418 355 1196 1342 1075 1361 850 894 1545 1865 1477 1619
1861 1662 1742 1905 1959 2036 1713 1850 1784 1740 1588 1479 1707 1668 1992 1944 1988 1792 1785 1329 1560 1762 1616 1429 1499 1463 1355 1354 1202 1317 1214 1228 1339 1378 1461 1619 1536 1682 1607 1704 1544 1742 1521 1712 1494 1632 1213 1281 1338 1499 1360 1186 1087 994 1009 822 908 816 863 787 972 967 876 738 1236 1322 1511 1491 895 740 565 503 474 686 987 989 803 1137 1047 1073 840 891 1166 992 722 655 1011 1048 1002 818 896 1205 196 311 565 308 175 0 1329 1431 1433 424 283 249 313 462 637 376 345 215 1056 1250 935 1221 710 717 1405 1724 1400 1542
537 352 384 601 631 967 516 653 462 440 288 568 873 764 975 1185 1504 1305 1309 934 867 1073 1170 1371 1318 1241 1330 1230 1117 1360 1302 1304 1444 1484 1432 1415 1391 1411 1325 1330 1272 1375 1193 1285 1136 1156 905 1144 985 996 886 840 971 976 950 1082 1091 1252 1159 1297 1224 1157 1182 1341 1547 1450 1633 1687 1401 1697 1755 1315 1482 1098 587 417 631 412 499 541 704 543 542 318 622 669 662 805 899 720 958 606 1368 1501 1791 1366 1400 1323 0 291 199 944 1179 1474 1279 1148 831 995 1119 1125 440 383 872 493 778 1006 653 622 484 337
595 413 512 825 732 738 287 424 351 340 220 337 644 535 746 956 1491 1114 1281 893 655 844 1001 1358 1305 1228 1317 1218 1105 1347 1289 1292 1431 1472 1419 1402 1378 1399 1312 1318 1260 1363 1180 1273 1123 1143 893 1131 972 983 873 828 958 963 937 1070 1079 1240 1146 1284 1211 1145 1169 1329 1534 1438 1620 1674 1388 1685 1758 1368 1469 1085 574 469 721 393 480 522 692 617 460 532 746 781 650 792 887 708 945 495 1479 1612 1902 1477 1512 1434 277 0 428 1055 1290 1585 1390 1273 942 1106 1230 1236 653 596 1086 707 974 1219 872 844 697 559
702 516 345 528 795 1145 694 831 639 605 466 724 1051 942 1153 1363 1639 1440 1444 1069 990 1251 1305 1506 1453 1376 1465 1366 1253 1495 1437 1439 1579 1620 1567 1550 1526 1547 1460 1465 1407 1511 1328 1421 1271 1291 1041 1279 1120 1131 1021 976 1106 1111 1085 1218 1227 1388 1294 1432 1359 1293 1317 1477 1682 1586 1768 1822 1536 1833 1859 1419 1617 1218 722 520 734 531 619 661 808 647 668 422 726 773 798 940 1034 856 1093 741 1472 1605 1895 1470 1504 1427 185 385 0 1048 1267 1578 1360 1204 934 1098 1223 1229 493 363 925 548 835 1059 535 503 395 218
1463 1278 1330 1515 1556 1778 1326 1463 1369 1355 1204 1161 1474 1425 1749 1692 1747 1549 1553 1098 1293 1528 1351 1361 1425 1399 1287 1283 1111 1239 1162 1247 1355 1409 1468 1586 1482 1614 1535 1574 1480 1619 1436 1529 1379 1400 1090 1203 1211 1239 1129 1012 1023 912 944 760 834 931 911 909 1085 992 825 809 1422 1393 1592 1612 1080 1082 913 559 770 513 704 604 419 752 725 756 537 507 848 607 330 254 780 817 836 588 668 962 526 659 949 586 558 418 945 1047 1049 0 287 589 358 342 389 231 392 297 669 863 557 834 323 409 1027 1346 985 1140
1726 1541 1593 1779 1820 2031 1590 1727 1633 1619 1467 1425 1706 1656 1986 1923 1979 1780 1784 1329 1524 1759 1582 1512 1576 1550 1438 1434 1263 1391 1313 1376 1506 1556 1619 1738 1634 1765 1686 1790 1631 1808 1607 1760 1576 1631 1296 1354 1425 1471 1361 1244 1174 1064 1096 911 986 992 1040 962 1139 1140 977 910 1412 1476 1674 1647 1070 962 794 656 652 719 967 868 682 1016 989 1019 800 770 1112 871 593 517 1012 1049 1039 819 900 1206 407 539 830 469 439 281 1208 1310 1312 280 0 360 193 286 620 409 382 178 850 1044 723 1015 504 551 1194 1513 1167 1393
2029 1844 1896 2081 2123 2263 1893 2030 1936 1922 1770 1712 1938 1889 2218 2155 2188 2013 2016 1561 1757 1992 1815 1579 1677 1690 1545 1574 1403 1475 1331 1330 1470 1511 1592 1721 1625 1766 1741 1834 1772 1948 1748 1930 1717 1863 1436 1495 1565 1703 1568 1409 1315 1204 1236 1052 1112 947 995 917 1094 1095 1018 865 1367 1430 1629 1601 1025 772 603 733 607 920 1220 1171 985 1319 1280 1307 1074 1073 1399 1173 896 820 1244 1281 1236 1052 1129 1439 279 349 587 441 166 248 1511 1613 1615 583 337 0 349 505 870 610 579 461 1165 1358 978 1330 819 753 1449 1768 1481 1706
1803 1618 1658 1802 1897 2118 1667 1804 1710 1696 1544 1502 1808 1759 2088 2026 2081 1883 1887 1432 1627 1862 1685 1632 1696 1670 1558 1554 1383 1511 1434 1482 1622 1662 1739 1858 1754 1886 1806 1908 1752 1928 1727 1863 1696 1734 1416 1474 1545 1573 1463 1347 1295 1184 1216 1031 1106 1099 1147 1069 1246 1247 1097 1017 1519 1582 1781 1753 1177 1035 867 776 759 839 1044 945 759 1093 1065 1096 877 847 1189 947 670 594 1114 1151 1159 922 1002 1302 487 612 875 589 485 311 1285 1387 1366 352 157 312 0 225 723 529 502 298 895 1088 634 1002 548 403 1104 1423 1149 1407
1690 1505 1501 1640 1784 2026 1574 1711 1613 1596 1448 1409 1736 1682 1997 1953 2009 1810 1814 1359 1555 1789 1613 1622 1686 1660 1548 1544 1373 1501 1424 1509 1617 1670 1730 1848 1744 1876 1797 1836 1742 1881 1698 1791 1641 1661 1352 1465 1473 1501 1391 1274 1285 1174 1206 1022 1096 1192 1173 1171 1347 1254 1087 1071 1668 1655 1854 1874 1326 1185 1016 821 908 774 952 852 667 1000 973 1004 785 755 1096 814 578 502 1042 1079 1098 849 930 1210 637 762 1024 738 634 461 1152 1294 1209 336 232 468 219 0 651 493 651 448 737 931 472 841 375 264 943 1262 983 1245
1328 1142 1202 1427 1421 1478 1192 1368 1234 1220 1069 928 1152 1103 1432 1370 1426 1227 1231 776 971 1206 1029 1293 1240 1163 1251 1103 990 1229 1152 1177 1317 1357 1353 1337 1313 1333 1247 1252 1194 1297 1115 1207 1058 1078 768 994 889 918 808 691 844 848 674 767 841 958 938 936 1096 1013 852 836 1419 1323 1522 1559 1107 1225 1058 586 799 325 435 516 313 660 538 564 316 418 623 519 259 239 459 496 536 266 366 653 671 804 1094 670 704 626 856 951 960 379 597 846 717 620 0 303 451 490 709 792 866 815 475 718 1068 1339 927 1052
1517 1332 1384 1570 1611 1696 1381 1518 1424 1410 1258 1145 1370 1321 1650 1588 1644 1445 1449 994 1189 1424 1247 1129 1193 1167 1055 1051 880 1008 931 1016 1124 1177 1237 1355 1251 1383 1304 1408 1249 1425 1225 1407 1194 1296 913 972 1043 1136 1026 886 792 681 713 529 603 699 680 678 854 760 594 578 1190 1162 1361 1381 848 967 798 328 541 350 653 659 472 807 713 739 506 561 832 662 402 357 677 714 656 484 562 871 411 544 834 409 443 366 999 1101 1103 222 386 585 520 463 297 0 161 230 814 935 708 958 468 560 1178 1482 1070 1195
1666 1481 1533 1718 1760 1821 1530 1667 1573 1559 1407 1271 1495 1446 1776 1713 1665 1555 1559 1119 1314 1549 1372 1129 1193 1167 1055 1051 880 1008 931 1015 1123 1177 1236 1355 1251 1383 1303 1407 1249 1425 1224 1407 1193 1406 913 971 1042 1246 1045 885 792 681 713 528 603 699 679 678 854 760 594 578 1190 1162 1360 1381 848 898 736 328 505 371 778 808 621 956 862 888 655 710 966 810 551 506 802 744 656 609 632 996 342 482 802 277 412 334 1148 1250 1252 383 358 554 493 621 446 156 0 202 975 1084 869 1107 629 721 1339 1631 1219 1343
1689 1504 1556 1742 1783 1883 1553 1690 1596 1582 1430 1332 1558 1508 1838 1775 1831 1632 1636 1181 1377 1611 1435 1332 1397 1370 1258 1255 1083 1211 1134 1219 1327 1380 1440 1558 1454 1586 1507 1611 1452 1628 1428 1610 1397 1483 1116 1175 1246 1323 1213 1089 995 884 916 732 806 847 883 817 994 964 797 765 1266 1330 1529 1501 925 873 704 492 507 540 840 831 646 979 900 927 693 734 1019 834 556 481 864 901 860 671 749 1059 317 450 740 323 350 209 1172 1273 1275 291 155 424 290 417 484 225 184 0 923 1107 808 1087 576 660 1279 1598 1239 1367
1004 819 790 967 1098 1390 939 1076 927 910 761 835 1211 1102 1398 1518 1713 1514 1518 1143 1001 1406 1379 1580 1527 1450 1539 1439 1326 1569 1511 1513 1653 1693 1641 1624 1600 1620 1534 1539 1481 1584 1402 1494 1345 1365 1114 1353 1194 1205 1095 1049 1180 1185 1091 1258 1300 1461 1368 1492 1433 1366 1391 1392 1756 1659 1842 1896 1610 1714 1545 1142 1355 966 560 315 484 477 563 607 531 352 614 253 505 544 856 904 945 659 885 815 1158 1291 1581 1192 1190 1050 466 659 498 668 796 1128 888 733 705 811 946 876 0 220 446 191 363 571 444 763 370 569
924 739 658 789 1018 1331 879 1016 847 830 681 844 1220 1111 1339 1527 1722 1523 1527 1152 1010 1415 1388 1589 1536 1459 1548 1449 1336 1578 1520 1522 1662 1702 1650 1633 1609 1630 1543 1548 1490 1594 1411 1503 1354 1374 1123 1362 1203 1214 1104 1058 1189 1194 1168 1301 1310 1470 1377 1515 1442 1375 1400 1501 1765 1668 1851 1905 1619 1860 1691 1251 1464 1050 689 377 567 470 556 599 661 482 607 272 558 605 880 1023 1075 789 1014 824 1304 1437 1727 1302 1336 1244 386 599 366 862 990 1321 1082 926 766 930 1055 1061 215 0 657 328 557 781 394 610 174 375
1451 1266 1230 1195 1545 1837 1386 1523 1374 1357 1208 1282 1658 1549 1845 1965 2160 1961 1965 1574 1448 1853 1826 1837 1901 1875 1763 1759 1588 1716 1639 1724 1832 1885 1945 2063 1959 2067 1981 1986 1928 2031 1849 1941 1792 1812 1561 1679 1641 1652 1542 1489 1500 1389 1421 1237 1311 1407 1388 1386 1562 1468 1302 1286 1898 1870 2069 2089 1556 1593 1424 1036 1249 989 1007 762 855 924 1010 1054 978 779 1061 700 757 711 1257 1294 1313 1064 1145 1262 1037 1170 1460 1086 1069 929 913 1106 945 550 669 941 628 468 860 705 840 762 373 651 0 395 458 214 497 816 514 784
1104 919 893 949 1198 1490 1039 1176 1027 1010 861 935 1311 1202 1498 1618 1813 1614 1618 1243 1101 1506 1479 1680 1627 1550 1639 1540 1427 1669 1611 1613 1753 1793 1741 1724 1700 1720 1634 1639 1581 1685 1502 1594 1445 1465 1214 1453 1294 1305 1195 1149 1280 1285 1191 1358 1401 1561 1468 1606 1533 1466 1491 1539 1856 1759 1942 1996 1710 1885 1716 1289 1502 1066 660 415 584 577 663 707 631 452 714 353 605 644 956 1004 1045 759 985 915 1329 1462 1752 1341 1362 1221 566 759 601 839 967 1299 992 832 805 969 1093 1047 193 317 372 0 534 579 252 571 352 554
1317 1132 1127 1305 1411 1697 1246 1383 1240 1223 1074 1095 1471 1362 1705 1778 1838 1639 1643 1188 1260 1618 1442 1597 1652 1575 1523 1515 1348 1476 1399 1484 1592 1645 1705 1749 1719 1746 1659 1664 1606 1710 1527 1620 1470 1490 1181 1407 1302 1330 1220 1103 1256 1149 1089 997 1071 1167 1148 1146 1322 1228 1062 1046 1658 1630 1829 1849 1316 1368 1199 796 1009 735 703 496 418 672 724 755 536 403 808 441 300 253 871 908 948 678 779 962 812 945 1235 846 844 704 779 966 835 322 450 782 542 370 449 465 600 530 364 558 459 529 0 321 769 1088 680 907
1581 1396 1367 1398 1675 1968 1516 1653 1505 1488 1339 1384 1760 1651 1976 2020 2076 1877 1881 1426 1550 1856 1680 1689 1753 1727 1615 1611 1440 1568 1491 1576 1684 1737 1797 1915 1811 1943 1864 1902 1809 1948 1765 1857 1708 1728 1419 1531 1540 1568 1458 1341 1352 1241 1273 1089 1163 1259 1240 1238 1414 1320 1154 1138 1750 1722 1921 1941 1408 1439 1271 888 1101 841 1018 785 734 961 1040 1071 852 722 1097 730 619 569 1109 1146 1165 916 997 1277 889 1016 1279 938 888 715 1043 1236 1075 402 497 716 397 260 712 557 692 614 587 798 230 599 320 0 701 1020 745 1003
1162 1025 825 775 1244 1642 1191 1328 1139 1117 973 1184 1548 1439 1650 1860 2061 1863 1866 1491 1349 1748 1727 1929 1875 1799 1887 1788 1675 1918 1859 1862 2001 2042 1989 1972 1948 1969 1882 1888 1830 1933 1750 1843 1693 1713 1463 1701 1542 1553 1443 1398 1528 1533 1440 1606 1649 1810 1716 1854 1781 1715 1739 1756 2104 2008 2190 2244 1958 2063 1894 1506 1719 1314 908 663 832 810 896 939 879 701 947 602 853 892 1205 1253 1293 1007 1233 1163 1507 1640 1930 1556 1540 1399 692 911 573 1021 1139 1412 1098 938 1053 1175 1310 1232 385 390 478 242 767 684 0 396 219 380
945 856 633 471 1027 1488 1125 1262 1056 1016 890 1145 1482 1373 1585 1794 2058 1859 1863 1488 1409 1682 1724 1925 1872 1795 1884 1785 1672 1914 1856 1858 1998 2038 1986 1969 1945 1966 1879 1884 1826 1930 1747 1839 1690 1710 1460 1698 1539 1550 1440 1394 1525 1530 1504 1637 1646 1806 1713 1851 1778 1711 1736 1895 2101 2004 2187 2241 1955 2252 2213 1798 2011 1597 1141 918 1113 950 1038 1080 1198 1020 1087 820 1105 1152 1216 1359 1453 1275 1512 1160 1826 1959 2249 1849 1859 1718 624 846 506 1340 1458 1731 1417 1257 1313 1477 1602 1551 704 606 797 561 1086 1003 358 0 435 287
1002 837 647 615 1085 1435 980 1117 976 929 780 966 1336 1239 1445 1669 1843 1645 1648 1275 1147 1539 1544 1711 1657 1581 1669 1570 1457 1700 1641 1644 1783 1824 1771 1754 1730 1751 1664 1670 1612 1715 1532 1625 1475 1495 1251 1488 1326 1365 1247 1187 1313 1330 1294 1422 1442 1595 1502 1640 1574 1502 1534 1642 1889 1815 1983 2049 1744 2001 1826 1386 1599 1185 815 498 702 591 677 721 786 614 728 393 694 745 1002 1144 1200 914 1136 945 1439 1572 1862 1437 1471 1394 485 698 395 1016 1220 1534 1235 1069 927 1070 1219 1243 396 175 600 390 734 831 220 436 0 219
860 688 488 473 942 1313 857 995 831 779 635 875 1213 1117 1323 1546 1788 1590 1593 1220 1155 1416 1489 1655 1602 1525 1614 1515 1402 1644 1586 1589 1728 1769 1716 1699 1675 1696 1609 1615 1557 1660 1477 1570 1420 1440 1196 1433 1271 1310 1192 1132 1257 1275 1239 1367 1387 1539 1447 1585 1519 1447 1479 1634 1834 1759 1928 1994 1689 1988 1968 1528 1741 1327 871 648 844 680 768 810 936 756 817 550 836 887 947 1089 1184 1005 1242 890 1581 1714 2004 1579 1613 1536 355 577 236 1158 1411 1724 1424 1263 1069 1212 1361 1385 587 393 802 567 924 1020 397 305 218 0