137 7
5705 1850 1665 715 12385 3195 1855 1035 1555 4420 5120 5865 5650 3500 2810 2260 10645 2960 1330 2145 1915 9540 1340 1885 5205 2145 1010 9945 870 8320 9215 5880 1800 9180 3360 1295 2335 2050 10730 2940 6280 4815 5440 9605 4315 9765 9895 5610 3695 7045 10750 4010 7445 10185 5530 9770 4165 12895 10010 9565 5650 13345 145 7605 6795 7395 8210 3875 2555 55 2175 6660 6795 9295 4290 1 215 8420 1345 3250 6325 4005 5370 3715 4170 4655 7165 6340 4055 850 3605 6420 10310 7760 11825 215 10580 65 4895 13750 11855 5450 9135 1580 14065 9780 8805 13595 7385 8690 2160 13035 930 2370 9930 5570 4330 1945 9730 12075 1865 3760 6520 1350 3265 1830 860 5530 2055 1145 9065 2110 1535 5265 1700 665 1340
0 863 1105 833 1878 2037 2101 2160 2065 857 866 940 992 821 783 610 749 875 717 171 344 922 869 672 930 462 496 866 548 1079 1282 1303 1405 1354 1463 1471 1101 1180 1259 1480 1168 1107 1235 1333 1495 1023 1018 1136 1066 939 861 910 948 1028 899 980 889 872 933 1009 1081 922 887 1182 1190 1066 1043 1156 1165 1178 722 851 929 965 936 1072 737 809 1325 1315 1349 1326 1415 1418 1416 1223 1236 1333 1183 788 759 650 728 593 441 349 837 833 1072 1638 1760 1800 1858 1674 1605 1517 1498 1823 1781 2028 1751 1833 1715 2040 1535 1561 1433 1548 1664 2019 2120 2176 2230 1861 2090 2120 2153 2003 2317 2381 1852 2075 2121 1702 1696 1794 1665
840 0 260 180 2649 2809 2872 2932 2818 1249 1342 1340 1221 1108 1169 984 1221 1333 955 747 1016 930 995 829 713 597 430 487 315 430 1327 1511 1712 1426 1599 1516 1214 1225 1247 1442 1452 1413 1541 1640 1802 1570 1673 1628 1530 1471 1517 1591 1628 1708 1670 1751 1660 1644 1704 1781 1731 1694 1659 1763 1681 1529 1357 1571 1521 1586 1494 1435 1362 1404 1345 1519 1480 1562 1713 1779 1695 1633 1722 1769 1795 1961 1909 1944 1955 1560 1530 1421 1499 1364 1200 1119 1609 1605 1844 2229 2350 2340 2166 2186 2131 2107 2203 2382 2088 2335 2058 2139 2022 2347 1914 2332 2205 2319 2435 2353 2520 2483 2629 2167 2397 2426 2459 2568 2762 3022 2159 2279 2415 2008 2003 2074 1971
1081 256 0 312 2709 2868 2945 2991 2859 1481 1499 1381 1263 1364 1429 1244 1481 1565 1103 1006 1276 971 1037 907 755 857 690 527 577 409 1368 1553 1754 1468 1640 1557 1256 1267 1289 1483 1494 1455 1583 1681 1843 1612 1714 1669 1571 1512 1558 1632 1670 1750 1743 1945 1734 1813 1921 1961 1772 1901 1876 1804 1723 1571 1398 1613 1562 1627 1566 1477 1404 1445 1387 1561 1617 1631 1755 1820 1737 1675 1763 1810 1837 2002 1951 1985 2090 1777 1747 1638 1716 1581 1416 1336 1826 1822 2060 2271 2392 2381 2208 2228 2172 2149 2244 2424 2130 2376 2099 2181 2063 2388 1955 2392 2296 2507 2548 2395 2562 2524 2670 2209 2438 2468 2501 2609 2804 3063 2200 2320 2456 2050 2044 2115 2013
809 176 283 0 2502 2662 2738 2785 2652 1195 1288 1175 1056 1054 1116 931 1168 1280 882 693 963 764 830 700 552 544 377 327 285 322 1162 1346 1547 1261 1434 1351 1049 1060 1086 1281 1287 1248 1376 1475 1637 1405 1508 1463 1364 1306 1351 1425 1463 1543 1536 1730 1528 1606 1683 1754 1566 1673 1638 1598 1516 1364 1192 1406 1356 1420 1359 1270 1197 1239 1180 1354 1410 1425 1548 1614 1530 1468 1557 1604 1630 1795 1744 1779 1884 1538 1509 1400 1478 1343 1178 1098 1588 1584 1822 2064 2185 2175 2001 2021 1966 1942 2037 2217 1923 2170 1892 1974 1857 2182 1749 2185 2089 2298 2341 2188 2355 2318 2463 2002 2231 2261 2294 2403 2597 2857 1994 2114 2250 1843 1837 1909 1806
1877 2648 2716 2509 0 318 244 474 383 1630 1536 1613 1751 1810 1702 1869 1699 1563 1980 1947 1930 2025 1867 1941 2193 2135 2273 2271 2342 2483 1835 1670 1773 1721 1830 2031 1958 1982 2268 2489 1667 1474 1602 1380 1794 1232 1166 1179 1237 1335 1292 1262 1255 1208 1355 1316 1448 1427 1292 1369 1036 1132 1045 1030 1134 1204 1322 1289 1363 1295 1378 1396 1457 1389 1471 1469 1554 1620 1420 1215 1363 1251 1237 1120 1125 834 920 844 783 1382 1515 1410 1556 1471 1724 1622 1123 1173 873 593 518 616 796 732 781 632 676 595 1227 1425 940 1087 930 1294 985 383 522 559 431 827 702 1071 968 888 1295 1377 1409 438 793 678 2143 2366 2412 1848 1987 2085 1612
2078 2849 2917 2710 317 0 206 270 337 1831 1737 1814 1952 2010 1902 2070 1899 1764 2180 2148 2131 2225 2068 2141 2394 2335 2474 2472 2543 2684 2036 1871 1974 1922 2031 2232 2159 2183 2469 2690 1868 1675 1803 1581 1995 1433 1366 1379 1438 1536 1493 1462 1456 1409 1556 1516 1649 1627 1493 1570 1237 1332 1246 1231 1334 1405 1522 1490 1564 1496 1578 1597 1657 1589 1672 1670 1755 1821 1620 1415 1564 1452 1438 1321 1326 1035 1121 1045 984 1583 1716 1611 1756 1672 1925 1822 1324 1374 1074 793 719 719 899 933 981 833 877 754 1428 1626 1141 1189 1032 1397 1186 584 723 760 632 872 747 1115 1013 990 1339 1479 1512 482 813 486 2344 2567 2613 2049 2188 2286 1813
2113 2885 2952 2746 243 163 0 303 403 1867 1773 1850 1987 2046 1938 2106 1935 1799 2216 2184 2167 2261 2103 2177 2429 2371 2509 2507 2579 2720 2072 1906 2009 1958 2066 2267 2194 2219 2504 2725 1904 1710 1838 1617 2031 1469 1402 1415 1473 1572 1529 1498 1492 1444 1592 1552 1685 1663 1529 1605 1272 1368 1282 1267 1370 1441 1558 1526 1599 1531 1614 1633 1693 1625 1707 1705 1791 1857 1656 1451 1600 1488 1474 1356 1362 1070 1157 1081 1019 1580 1714 1612 1744 1675 1961 1858 1360 1410 1110 829 754 791 971 969 1017 869 912 826 1464 1661 1177 1261 1104 1469 1221 619 759 796 668 944 818 1187 1084 1062 1411 1551 1584 554 834 507 2380 2603 2648 2085 2223 2321 1848
2182 2953 3021 2814 473 223 301 0 337 1935 1841 1918 2056 2114 2006 2174 2003 1867 2284 2252 2235 2329 2172 2245 2498 2439 2578 2576 2647 2788 2140 1975 2078 2026 2135 2336 2263 2287 2573 2794 1972 1779 1907 1685 2099 1537 1470 1483 1542 1640 1597 1566 1560 1513 1660 1620 1753 1731 1597 1674 1340 1436 1350 1335 1438 1509 1626 1594 1668 1600 1682 1701 1761 1693 1775 1774 1859 1925 1724 1519 1668 1556 1542 1425 1430 1138 1225 1149 1087 1687 1820 1715 1860 1776 2029 1926 1428 1478 1178 897 822 803 983 1037 1085 937 980 838 1532 1730 1245 1273 1116 1481 1290 688 827 864 736 849 619 1025 860 1071 1249 1563 1462 566 542 215 2448 2671 2716 2153 2292 2390 1917
2078 2844 2886 2679 381 290 401 309 0 1800 1706 1783 1921 1979 1871 2039 1868 1733 2149 2148 2100 2194 2037 2110 2363 2304 2443 2441 2544 2653 2005 1840 1943 1891 2000 2201 2128 2152 2438 2659 1837 1644 1772 1479 1948 1402 1335 1348 1407 1505 1462 1431 1425 1378 1525 1517 1618 1628 1493 1570 1205 1333 1247 1200 1303 1374 1491 1459 1533 1465 1547 1566 1626 1558 1641 1639 1724 1790 1529 1388 1511 1406 1392 1275 1299 1035 1121 1046 984 1583 1716 1612 1757 1672 1926 1823 1325 1375 1074 690 681 528 708 777 935 787 877 563 1329 1500 1052 998 841 1206 1140 584 724 760 632 681 556 924 822 799 1148 1288 1321 291 556 397 2301 2524 2530 1924 2145 2243 1687
808 1245 1452 1188 1658 1818 1894 1941 1808 0 148 176 351 253 138 333 173 185 494 675 480 789 467 720 958 600 806 1035 1009 1246 754 658 718 800 905 1027 562 789 1024 1246 460 555 689 788 950 588 600 701 616 489 438 491 529 609 624 804 615 694 827 841 674 761 810 764 768 616 505 705 669 728 447 335 380 422 344 545 498 413 861 865 843 781 869 916 943 951 900 934 1040 764 842 652 738 603 846 753 748 754 965 1220 1341 1381 1314 1255 1187 1098 1193 1404 1218 1466 1173 1287 1170 1495 1062 1341 1245 1456 1497 1501 1668 1630 1776 1315 1544 1574 1607 1584 1899 2133 1307 1530 1575 1156 1150 1248 1119
862 1337 1438 1252 1560 1719 1795 1842 1710 145 0 192 401 363 251 426 265 148 587 768 573 775 517 691 944 692 899 1021 1101 1232 800 680 654 736 840 1042 608 835 1018 1240 492 494 622 720 882 499 501 612 527 400 339 393 431 511 525 705 516 595 728 743 575 662 711 665 673 527 437 617 601 639 348 237 260 344 286 467 399 327 785 776 776 714 802 849 876 853 801 836 941 665 744 554 639 505 747 654 649 656 867 1121 1242 1283 1247 1156 1088 999 1095 1305 1150 1399 1106 1220 1102 1427 994 1243 1146 1357 1399 1434 1601 1563 1709 1248 1477 1507 1540 1486 1800 2034 1239 1462 1508 1089 1083 1181 1052
923 1333 1350 1165 1599 1759 1835 1881 1749 173 191 0 251 293 249 476 323 287 480 788 624 688 367 604 856 697 903 934 1106 1145 655 558 567 649 753 928 463 689 925 1146 360 406 534 633 795 434 536 546 461 334 380 475 513 593 586 788 577 656 802 804 658 745 772 695 613 461 350 551 514 573 409 320 226 267 208 390 460 474 706 710 688 626 715 762 788 892 841 875 980 727 805 615 701 566 809 715 710 717 928 1161 1282 1322 1159 1180 1124 1039 1134 1345 1063 1312 1018 1132 1015 1340 907 1282 1186 1397 1438 1346 1513 1476 1622 1160 1390 1420 1452 1525 1756 2015 1152 1375 1420 1001 996 1094 964
943 1217 1234 1048 1735 1894 1970 2017 1885 348 400 239 0 261 320 414 441 485 377 701 615 571 249 549 740 597 803 818 1006 1028 500 429 522 575 708 773 284 535 807 1028 262 437 624 769 931 569 672 682 597 470 516 611 649 729 722 924 713 792 937 940 794 880 908 830 749 597 486 687 650 709 545 456 362 403 320 494 596 610 842 846 824 762 851 898 924 1028 977 1011 1116 862 941 751 836 702 944 851 846 852 1064 1297 1418 1458 1295 1315 1260 1175 1270 1481 1199 1448 1154 1268 1151 1476 1043 1418 1322 1533 1574 1482 1649 1612 1757 1296 1525 1555 1588 1661 1891 2151 1288 1464 1556 1137 1131 1229 1100
772 1103 1335 1046 1834 1993 2069 2116 1984 250 362 276 252 0 149 243 271 354 297 550 445 672 354 522 841 458 665 919 867 1129 705 634 727 779 913 978 488 740 908 1129 467 627 769 868 1030 668 771 781 696 569 614 670 708 788 803 983 794 873 1006 1021 853 940 989 929 848 696 585 785 749 808 626 515 460 502 419 625 677 583 941 945 923 861 949 996 1023 1127 1075 1110 1215 943 1022 831 917 782 993 898 927 933 1145 1395 1517 1557 1394 1414 1359 1274 1369 1580 1298 1546 1253 1367 1250 1575 1142 1517 1420 1631 1673 1581 1748 1710 1856 1395 1624 1654 1687 1760 1990 2249 1387 1610 1655 1236 1230 1328 1199
735 1165 1400 1108 1730 1889 1965 2012 1879 135 250 233 311 104 0 260 172 246 395 601 407 748 426 621 917 520 726 995 929 1205 764 693 786 838 972 1037 547 799 984 1205 526 625 761 860 1021 660 671 773 688 561 509 562 600 680 695 875 686 765 898 912 745 832 881 835 840 688 577 777 741 800 518 407 452 494 416 617 569 475 933 937 915 853 941 988 1015 1022 971 1006 1111 835 914 723 809 674 917 824 819 825 1036 1291 1412 1452 1386 1326 1258 1169 1265 1475 1290 1538 1245 1359 1242 1567 1134 1413 1316 1527 1568 1573 1740 1702 1848 1387 1616 1646 1679 1656 1970 2204 1379 1601 1647 1228 1222 1320 1191
561 980 1215 923 1897 2057 2133 2179 2047 330 425 460 405 207 254 0 236 362 296 341 233 717 400 522 840 335 541 819 744 1029 858 787 879 932 1066 1131 632 856 954 1175 620 794 936 1034 1196 835 838 948 863 736 677 730 768 848 812 1031 802 882 1027 1029 913 999 1014 1003 1011 862 751 952 915 975 638 574 627 668 585 791 593 590 1108 1112 1090 1027 1116 1163 1190 1190 1139 1173 1278 970 1015 756 863 707 813 719 952 958 1169 1459 1580 1620 1561 1494 1426 1337 1432 1643 1464 1713 1420 1534 1416 1741 1308 1580 1484 1674 1736 1748 1915 1877 2023 1562 1791 1821 1854 1823 2138 2372 1553 1776 1822 1403 1397 1495 1366
700 1217 1452 1160 1727 1886 1962 2009 1877 170 264 307 433 226 166 219 0 197 483 577 372 870 548 708 1031 572 778 1055 981 1266 861 790 848 930 1034 1133 669 895 1106 1327 604 687 815 914 1076 670 668 783 712 585 506 559 597 677 692 872 683 762 895 910 742 829 878 832 840 711 631 801 795 824 515 404 470 556 490 679 533 425 970 961 969 907 996 1043 1061 1020 968 1003 1108 832 911 720 806 671 914 821 816 822 1034 1288 1409 1449 1440 1323 1255 1166 1262 1472 1344 1593 1299 1413 1296 1621 1181 1410 1313 1524 1566 1627 1770 1757 1880 1441 1671 1701 1733 1653 1967 2201 1433 1656 1701 1283 1277 1375 1245
826 1329 1496 1272 1591 1750 1826 1873 1741 182 147 278 476 309 241 345 191 0 579 703 498 833 601 749 1001 684 890 1079 1093 1290 888 738 712 794 898 1100 696 923 1076 1297 587 551 680 778 940 534 532 647 576 449 371 424 462 542 556 736 547 626 760 774 607 693 742 696 704 576 495 666 659 688 379 268 334 420 361 543 397 289 834 825 833 771 860 907 925 884 832 867 972 697 775 585 671 536 779 685 680 687 898 1152 1274 1314 1305 1188 1119 1031 1126 1337 1208 1457 1164 1277 1160 1485 1045 1274 1177 1388 1430 1492 1634 1621 1744 1305 1535 1565 1598 1517 1831 2065 1297 1520 1566 1147 1141 1239 1109
730 973 1132 900 1982 2183 2219 2287 2146 507 599 492 389 309 408 309 495 591 0 458 531 528 255 298 610 328 530 687 733 900 750 775 994 850 1022 939 437 649 728 949 596 769 911 1014 1180 816 917 929 841 719 761 861 907 979 972 1173 956 1035 1186 1182 1038 1122 1160 1119 993 848 731 936 897 971 804 701 603 648 582 783 851 825 1096 1093 1072 1010 1099 1143 1168 1284 1220 1256 1368 1104 1182 992 1077 943 1081 989 1099 1095 1333 1540 1664 1706 1579 1567 1506 1437 1524 1729 1458 1705 1427 1509 1392 1717 1292 1694 1564 1785 1828 1723 1890 1853 1998 1537 1767 1796 1829 1924 2181 2405 1529 1702 1797 1378 1372 1470 1368
281 773 1033 719 2065 2266 2289 2370 2266 701 794 814 727 576 628 367 604 730 446 0 394 753 647 468 738 247 361 698 532 911 1066 1113 1332 1166 1338 1255 829 965 1044 1265 934 1100 1228 1330 1497 1154 1203 1267 1180 1057 1046 1095 1117 1218 1053 1169 1036 1055 1121 1197 1264 1104 1079 1411 1332 1187 1048 1266 1214 1293 888 946 942 986 921 1121 840 963 1413 1431 1389 1327 1416 1460 1485 1419 1419 1523 1366 969 940 831 909 774 622 530 1018 1014 1253 1822 1946 1988 1896 1865 1792 1719 1731 2011 1775 2021 1744 1826 1709 2034 1609 1777 1615 1740 1858 2040 2207 2169 2315 1854 2083 2113 2146 2206 2497 2575 1846 2018 2114 1695 1689 1787 1685
433 1048 1307 994 1938 2139 2162 2243 2139 512 604 655 646 476 438 265 403 529 518 367 0 940 698 655 950 444 605 924 807 1137 1103 1032 1251 1170 1308 1352 874 1062 1141 1362 853 1013 1154 1256 1423 950 940 1063 992 869 787 790 813 955 748 960 731 811 962 958 1014 978 953 1148 1112 998 965 1086 1093 1121 584 746 820 892 826 1010 535 669 1267 1243 1278 1252 1342 1346 1341 1292 1239 1275 1239 898 943 684 791 635 723 620 891 888 1126 1559 1683 1725 1818 1602 1529 1456 1543 1748 1701 1947 1670 1752 1634 1960 1465 1650 1488 1613 1731 1937 2038 2095 2148 1780 2009 2039 2072 1943 2284 2448 1772 1994 2040 1621 1615 1713 1611
968 976 1017 810 2070 2271 2306 2375 2234 835 854 736 617 718 794 763 916 920 498 727 909 0 441 340 360 543 607 553 783 785 543 728 930 642 815 732 447 442 299 520 742 809 938 1040 1138 972 1073 1030 929 875 917 995 1042 1114 1107 1307 1091 1170 1320 1317 1133 1257 1294 1207 1081 936 757 975 924 1002 938 835 760 804 763 932 986 991 1122 1180 1099 1036 1125 1169 1194 1372 1308 1344 1456 1238 1316 1126 1212 1077 1331 1228 1233 1229 1468 1627 1752 1744 1605 1593 1532 1525 1612 1785 1484 1731 1454 1535 1418 1743 1319 1782 1652 1872 1916 1749 1916 1879 2025 1563 1793 1823 1855 1986 2207 2431 1495 1495 1631 1405 1399 1290 1395
918 1045 1086 880 1907 2108 2143 2212 2071 516 567 417 299 404 476 450 598 650 243 620 667 395 0 383 563 516 676 641 852 854 555 651 878 654 827 756 191 459 630 851 480 655 836 938 1105 740 841 853 766 644 686 785 832 904 897 1098 881 960 1110 1107 962 1047 1084 1044 918 773 656 860 822 895 728 626 528 573 507 708 776 781 1021 1017 997 935 1024 1067 1093 1209 1145 1181 1293 1028 1107 916 1002 867 1121 1018 1023 1020 1258 1464 1589 1631 1504 1491 1431 1362 1449 1653 1383 1629 1352 1434 1317 1642 1217 1619 1488 1709 1753 1648 1815 1777 1923 1462 1691 1721 1754 1849 2105 2330 1454 1507 1643 1303 1297 1302 1293
683 840 918 711 1968 2169 2205 2273 2133 731 752 665 560 533 632 533 720 815 268 442 624 294 334 0 395 258 397 473 600 685 674 859 1007 774 946 863 554 573 631 853 791 708 836 938 1105 870 971 928 828 773 816 894 940 1012 1005 1206 989 1068 1219 1215 1031 1155 1193 1105 979 835 656 874 822 901 837 734 658 703 661 830 884 890 1021 1079 997 934 1024 1067 1093 1271 1206 1242 1354 1136 1215 1025 1110 976 1091 999 1132 1128 1366 1526 1650 1642 1504 1491 1431 1423 1510 1684 1383 1629 1352 1434 1316 1642 1217 1680 1550 1771 1814 1648 1815 1777 1923 1462 1691 1721 1754 1884 2105 2330 1454 1626 1722 1303 1297 1395 1293
937 720 762 560 2200 2400 2436 2504 2364 965 984 866 747 848 924 848 1039 1050 617 745 957 367 571 403 0 513 457 258 598 529 853 1037 1238 952 1125 1042 740 751 599 820 978 939 1067 1170 1336 1101 1202 1159 1059 1005 1047 1125 1172 1243 1236 1437 1220 1299 1450 1446 1263 1387 1424 1336 1211 1066 887 1105 1053 1132 1068 965 889 934 893 1062 1115 1121 1252 1310 1228 1166 1255 1299 1324 1502 1438 1474 1585 1368 1446 1256 1342 1207 1368 1276 1363 1359 1598 1757 1882 1873 1735 1722 1662 1654 1741 1915 1614 1860 1583 1665 1548 1873 1448 1912 1781 2002 2046 1884 2074 2018 2159 1694 1932 1966 1985 2115 2336 2561 1686 1807 1954 1549 1534 1605 1524
479 631 891 578 2168 2369 2404 2473 2332 616 709 714 614 475 537 352 589 701 344 263 461 560 533 275 505 0 189 470 413 678 874 999 1206 973 1146 1063 715 772 851 1072 820 907 1035 1138 1304 1040 1129 1128 1027 943 968 1026 1072 1144 1121 1332 1104 1184 1335 1331 1203 1287 1325 1305 1179 1034 855 1073 1022 1100 956 865 828 873 807 1008 908 935 1220 1278 1197 1134 1223 1267 1292 1470 1406 1442 1554 1234 1205 1056 1164 1007 887 795 1264 1260 1499 1725 1850 1842 1703 1691 1630 1623 1710 1883 1582 1829 1552 1633 1516 1841 1416 1880 1749 1970 2014 1852 2043 1987 2128 1663 1900 1935 1954 2084 2305 2529 1654 1828 1928 1517 1502 1596 1493
496 441 701 388 2290 2491 2526 2595 2454 807 899 904 804 665 727 542 779 891 531 362 605 608 677 397 450 155 0 391 223 599 959 1143 1328 1058 1231 1148 846 857 889 1110 1010 1029 1158 1260 1426 1192 1293 1250 1149 1095 1137 1215 1262 1334 1265 1476 1248 1328 1437 1475 1353 1420 1395 1427 1301 1156 977 1196 1144 1222 1100 1055 980 1024 983 1152 1052 1125 1342 1401 1319 1256 1345 1389 1414 1592 1528 1564 1676 1285 1256 1147 1225 1090 938 846 1334 1330 1569 1847 1972 1964 1825 1813 1752 1745 1832 2005 1704 1951 1674 1755 1638 1963 1539 2002 1872 2056 2136 1975 2165 2109 2250 1785 2022 2057 2076 2206 2427 2651 1776 1914 2050 1640 1624 1711 1615
871 492 532 331 2274 2475 2511 2579 2439 1040 1058 940 822 923 999 823 1060 1125 692 702 929 566 646 477 250 436 380 0 525 283 928 1112 1313 1027 1199 1117 815 826 797 961 1053 1014 1142 1244 1411 1176 1277 1234 1134 1079 1122 1200 1246 1318 1311 1512 1295 1374 1525 1521 1337 1461 1499 1411 1286 1141 962 1180 1128 1207 1143 1040 964 1009 967 1136 1190 1196 1327 1385 1303 1241 1330 1374 1399 1577 1513 1549 1660 1443 1521 1331 1417 1282 1313 1221 1438 1434 1673 1832 1957 1948 1810 1797 1737 1729 1816 1990 1689 1935 1658 1740 1623 1948 1523 1987 1856 2077 2120 1959 2149 2093 2234 1769 2007 2041 2060 2190 2411 2636 1761 1882 2029 1624 1608 1679 1599
570 338 599 307 2372 2573 2596 2677 2573 1031 1124 1128 1028 890 951 766 1003 1115 755 555 830 805 874 622 591 379 212 520 0 591 1156 1341 1541 1256 1428 1345 1043 1055 1086 1307 1235 1242 1371 1473 1639 1405 1506 1463 1362 1308 1350 1406 1453 1525 1396 1476 1378 1362 1428 1504 1566 1411 1386 1640 1514 1369 1190 1409 1357 1435 1228 1268 1193 1237 1196 1365 1239 1302 1555 1614 1532 1469 1558 1602 1627 1726 1726 1777 1673 1276 1247 1138 1216 1080 929 837 1325 1321 1560 2060 2185 2177 2038 2026 1965 1958 2038 2218 1917 2164 1887 1968 1851 2176 1752 2084 1922 2047 2165 2188 2378 2322 2463 1998 2235 2270 2289 2419 2640 2864 1989 2111 2258 1853 1837 1908 1828
1055 426 380 310 2477 2636 2712 2759 2626 1248 1267 1149 1030 1131 1207 1031 1268 1333 870 884 1106 739 804 674 522 644 588 278 569 0 1136 1320 1521 1235 1408 1325 1023 1034 1056 1244 1261 1222 1350 1449 1611 1379 1482 1437 1339 1280 1325 1399 1437 1517 1510 1712 1502 1580 1726 1728 1540 1669 1696 1572 1490 1338 1166 1380 1330 1395 1333 1244 1171 1213 1154 1328 1384 1399 1522 1588 1504 1442 1531 1578 1604 1769 1718 1753 1858 1651 1729 1539 1625 1490 1462 1382 1646 1642 1881 2038 2159 2149 1975 1995 1940 1916 2012 2191 1897 2144 1867 1948 1831 2156 1723 2160 2063 2274 2315 2162 2329 2292 2437 1976 2206 2235 2268 2377 2571 2831 1968 2088 2224 1817 1812 1883 1780
1258 1322 1340 1154 1832 1991 2067 2114 1982 766 813 667 512 717 776 870 873 900 720 1040 1072 535 520 663 845 857 958 923 1134 1134 0 228 430 143 316 329 348 191 645 754 447 424 549 811 654 738 883 792 694 683 798 938 976 989 1076 1154 1090 1169 1154 1301 895 1088 1138 927 846 693 521 742 692 757 922 832 759 677 688 621 973 987 884 943 866 804 893 940 966 1125 1073 1108 1213 1239 1318 1127 1213 1078 1321 1228 1223 1229 1385 1393 1514 1511 1338 1358 1302 1271 1367 1554 1118 1367 1197 1310 1193 1518 1085 1515 1418 1629 1671 1524 1691 1654 1800 1338 1568 1598 1631 1739 1934 2193 1012 1012 1148 938 932 807 896
1270 1507 1524 1338 1666 1826 1902 1949 1816 670 690 571 442 646 705 799 802 756 762 1087 1001 719 617 847 1030 982 1143 1108 1318 1318 224 0 265 157 277 467 460 375 853 962 256 259 384 646 597 573 717 627 528 518 632 772 810 824 911 988 925 1003 989 1136 729 922 972 762 680 528 356 577 527 591 756 667 593 512 522 430 807 822 719 777 701 639 728 774 801 959 908 942 1048 1074 1152 962 1048 913 1156 1062 1057 1064 1220 1228 1349 1346 1172 1192 1137 1106 1201 1388 1041 1290 1031 1145 1028 1353 920 1349 1253 1464 1505 1359 1526 1488 1634 1173 1402 1432 1465 1573 1768 2027 1011 1092 1228 861 855 887 819
1370 1709 1726 1540 1766 1926 2002 2048 1916 857 790 702 659 864 923 1017 992 856 980 1304 1218 921 842 993 1232 1186 1325 1310 1520 1520 426 255 0 316 395 626 726 577 1053 1161 473 358 483 746 666 673 817 726 628 618 732 872 910 924 1010 1088 1025 1103 1089 1236 829 1022 1072 862 780 628 456 677 627 691 856 767 693 612 622 555 907 922 819 877 801 739 827 874 901 1059 1008 1042 1147 1174 1252 1062 1148 1013 1256 1162 1157 1164 1320 1328 1449 1446 1272 1292 1237 1206 1301 1488 1110 1358 1131 1245 1128 1453 1020 1449 1353 1564 1605 1459 1626 1588 1734 1273 1502 1532 1565 1673 1868 2127 1080 1251 1348 929 924 1022 888
1321 1423 1440 1254 1718 1877 1953 2000 1868 808 741 654 582 787 846 940 943 807 821 1141 1142 635 621 763 946 957 1059 1024 1234 1234 142 148 177 0 201 309 449 291 736 844 396 310 435 697 560 624 768 678 580 569 684 824 862 875 962 1040 976 1055 1040 1187 781 974 1023 813 731 579 407 628 578 643 807 718 645 563 574 506 859 873 770 829 752 690 779 826 852 1011 959 994 1099 1125 1203 1013 1099 964 1207 1114 1108 1115 1271 1279 1400 1397 1223 1244 1188 1157 1253 1439 1004 1252 1082 1196 1079 1404 971 1401 1304 1515 1557 1410 1577 1540 1686 1224 1454 1483 1516 1625 1820 2079 937 937 1073 823 818 732 782
1427 1594 1611 1425 1823 1983 2059 2106 1973 914 847 759 716 921 980 1074 1049 913 992 1312 1275 806 792 935 1117 1128 1230 1195 1405 1405 311 265 256 196 0 500 620 462 929 1037 530 416 541 603 426 730 874 784 685 675 789 929 967 981 1068 1145 1082 1160 1146 1293 887 1079 1129 919 837 685 513 717 666 731 913 824 750 669 680 612 964 979 866 934 848 786 875 922 948 1116 1065 1099 1205 1231 1309 1119 1205 1070 1313 1219 1214 1221 1377 1385 1506 1493 1320 1340 1284 1263 1358 1536 870 1118 1179 1271 1175 1407 1067 1506 1410 1621 1662 1506 1673 1636 1782 1320 1550 1580 1613 1721 1916 2175 840 1022 1108 689 684 782 648
1447 1512 1529 1343 2028 2187 2264 2310 2178 1036 1051 937 783 987 1046 1140 1143 1117 909 1229 1321 724 722 852 1035 1046 1148 1112 1323 1323 316 459 488 303 489 0 550 297 665 773 707 620 745 1002 696 934 1079 988 890 880 994 1134 1172 1185 1272 1350 1286 1365 1350 1498 1091 1284 1334 1123 1042 890 717 939 888 953 1118 1029 955 874 884 817 1169 1183 1081 1139 1063 1001 1089 1136 1163 1321 1270 1304 1409 1436 1514 1324 1409 1275 1517 1424 1419 1426 1581 1590 1711 1707 1534 1554 1498 1468 1563 1750 1268 1517 1393 1507 1389 1714 1281 1711 1615 1826 1867 1721 1888 1850 1996 1535 1764 1794 1827 1935 2130 2389 826 826 962 1088 788 621 1046
1111 1218 1260 1053 1955 2155 2191 2259 2119 569 615 469 290 495 554 643 675 703 447 839 881 451 201 564 744 725 850 819 1047 1027 353 467 733 452 625 554 0 264 599 807 348 523 710 976 948 788 889 901 814 691 734 833 880 952 945 1145 929 1008 1158 1154 1010 1095 1132 1091 966 821 686 908 859 938 776 673 576 621 555 596 824 829 1058 1065 1034 972 1061 1105 1130 1257 1193 1229 1340 1081 1164 965 1053 1042 1169 1066 1071 1067 1306 1512 1637 1679 1541 1529 1468 1409 1497 1701 1420 1667 1390 1471 1354 1679 1254 1667 1536 1757 1801 1690 1881 1825 1965 1501 1738 1773 1792 1897 2143 2367 1307 1307 1454 1251 1236 1104 1222
1187 1232 1273 1067 1995 2196 2232 2300 2159 799 845 700 545 750 809 862 906 933 655 971 1068 448 466 579 758 779 864 833 1061 1041 201 385 588 300 473 304 259 0 496 591 531 581 706 972 796 910 1044 955 854 852 959 1063 1110 1153 1175 1319 1159 1238 1319 1385 1058 1246 1306 1132 1006 861 683 908 856 934 1007 904 806 839 785 750 1054 1059 1054 1106 1031 968 1057 1101 1127 1297 1233 1269 1381 1312 1395 1195 1284 1273 1399 1296 1301 1298 1536 1553 1677 1676 1537 1525 1465 1450 1537 1718 1283 1530 1386 1468 1350 1675 1251 1707 1577 1798 1841 1687 1877 1821 1962 1497 1734 1769 1788 1918 2139 2363 1133 1133 1280 1100 1084 930 1070
1277 1265 1307 1104 2285 2486 2522 2590 2450 1043 1069 943 825 926 1002 972 1124 1135 746 1062 1159 317 648 650 617 870 907 816 1104 1074 663 872 1073 756 947 683 594 489 0 245 890 1025 1153 1255 1248 1187 1288 1245 1145 1090 1133 1211 1257 1329 1322 1523 1306 1385 1536 1532 1348 1472 1510 1422 1297 1152 973 1191 1139 1218 1154 1051 975 1020 978 1138 1201 1207 1338 1396 1314 1251 1341 1384 1410 1588 1523 1559 1671 1459 1542 1343 1431 1420 1546 1443 1449 1445 1683 1843 1967 1959 1821 1808 1748 1740 1827 2001 1700 1946 1669 1751 1633 1959 1534 1997 1867 2088 2131 1970 2160 2104 2245 1780 2018 2052 2071 2201 2422 2647 1513 1513 1660 1552 1495 1310 1523
1486 1453 1494 1292 2494 2694 2730 2798 2658 1251 1278 1152 1033 1134 1210 1181 1332 1344 954 1270 1367 525 857 858 825 1078 1115 972 1312 1255 759 967 1168 851 1043 779 803 585 227 0 1098 1162 1287 1464 1344 1395 1497 1453 1353 1299 1341 1419 1466 1537 1530 1731 1514 1593 1744 1740 1557 1681 1718 1630 1505 1360 1181 1399 1347 1426 1362 1259 1183 1228 1187 1342 1409 1415 1546 1604 1522 1460 1549 1593 1618 1796 1732 1768 1879 1667 1750 1551 1639 1628 1754 1651 1657 1653 1892 2051 2176 2167 2029 2016 1956 1948 2035 2209 1831 2077 1877 1959 1842 2167 1742 2206 2075 2296 2340 2178 2368 2312 2453 1988 2226 2260 2279 2409 2631 2855 1608 1608 1755 1647 1591 1405 1618
1147 1448 1465 1279 1663 1822 1899 1945 1813 457 491 348 254 422 515 612 598 580 583 908 822 734 445 780 971 803 1010 1049 1212 1259 443 243 336 389 522 695 341 521 872 1093 0 210 397 659 821 533 642 623 525 410 522 662 700 771 800 966 802 881 978 1029 726 912 962 758 677 525 369 590 540 605 634 545 451 386 363 267 685 699 732 774 714 652 741 788 814 956 905 939 1044 951 1030 840 925 791 1033 940 935 941 1153 1225 1346 1359 1185 1205 1150 1103 1198 1401 1089 1338 1044 1158 1041 1366 933 1346 1250 1461 1502 1372 1539 1502 1648 1186 1416 1445 1478 1587 1782 2041 1178 1332 1446 1027 1022 1120 990
1072 1425 1442 1256 1469 1628 1704 1751 1619 552 491 396 429 582 610 785 688 552 752 1072 981 779 620 695 948 889 1027 1025 1230 1236 415 244 218 300 405 607 516 566 1022 1150 208 0 186 448 610 375 520 429 331 320 435 575 613 626 713 791 727 806 791 938 532 725 775 564 483 331 158 379 329 394 559 469 396 314 310 196 610 624 521 580 503 441 530 577 603 762 710 745 850 876 955 764 850 715 958 865 860 866 1022 1030 1152 1148 975 995 939 909 1004 1191 878 1127 834 947 830 1155 722 1152 1055 1266 1308 1161 1328 1291 1437 975 1205 1235 1268 1376 1571 1830 967 1190 1236 817 811 909 779
1197 1550 1567 1381 1594 1753 1829 1876 1744 682 616 521 616 721 742 925 813 677 877 1197 1111 904 784 820 1073 1014 1152 1150 1355 1361 543 373 346 428 533 735 703 694 1147 1278 395 174 0 573 735 500 645 554 456 445 560 700 738 751 838 916 852 931 916 1063 657 850 900 689 608 456 283 505 454 519 684 595 521 439 450 383 735 749 646 705 628 566 655 702 728 887 835 870 975 1001 1080 889 975 840 1083 990 985 991 1147 1155 1277 1273 1100 1120 1064 1034 1129 1316 1003 1252 959 1072 955 1280 847 1277 1180 1391 1433 1286 1453 1416 1562 1100 1330 1360 1393 1501 1696 1955 1092 1315 1361 942 936 1034 904
1355 1663 1705 1498 1389 1549 1625 1671 1456 794 726 639 777 875 866 1042 928 792 987 1306 1220 1013 893 929 1182 1123 1262 1260 1464 1472 831 666 769 717 607 1008 984 978 1257 1478 680 470 598 0 468 574 718 628 483 548 666 806 826 778 926 943 961 1040 943 1090 684 877 927 595 635 483 400 491 441 448 793 704 631 577 587 576 844 858 317 424 299 237 326 373 399 826 738 796 909 1111 1189 999 1084 950 1203 1100 1026 1022 1191 952 1068 975 837 825 740 905 955 1017 443 690 686 767 650 963 518 1127 1105 1326 1359 981 1148 1111 1256 795 1025 1054 1087 1196 1390 1650 879 1102 1148 550 684 821 413
1522 1830 1871 1665 1780 1940 2016 2062 1915 960 893 806 943 1042 1032 1209 1095 959 1153 1473 1386 1130 1059 1096 1348 1290 1428 1426 1631 1639 655 599 668 562 428 698 943 786 1230 1338 836 636 765 465 0 734 878 787 642 708 825 965 985 938 1085 1102 1128 1207 1103 1250 843 1036 1086 876 794 642 566 651 600 665 959 867 798 743 754 743 1011 1025 786 891 768 706 795 842 868 1089 1025 1061 1172 1277 1355 1165 1251 1116 1370 1267 1186 1182 1362 1344 1468 1435 1296 1284 1209 1241 1328 1476 750 996 1106 1133 1109 1269 987 1499 1368 1589 1632 1441 1607 1570 1716 1254 1429 1514 1547 1655 1850 2109 665 807 934 515 283 439 509
1056 1572 1614 1407 1243 1444 1479 1548 1407 595 505 441 578 677 667 844 673 538 807 1126 920 922 694 838 1091 1027 1171 1168 1373 1381 747 582 685 633 742 943 786 894 1165 1387 538 386 514 593 755 0 170 141 177 149 185 330 332 304 424 498 510 557 510 620 306 437 497 390 303 239 240 318 348 335 425 313 313 256 353 356 558 602 487 426 462 469 602 530 525 545 481 517 629 777 855 610 785 650 903 800 585 581 762 800 925 967 1060 844 770 698 785 990 1037 1284 975 1088 971 1296 649 955 825 1045 1089 1179 1280 1432 1390 1116 1346 1376 1409 1185 1525 1725 1104 1327 1372 953 947 1045 943
1036 1666 1708 1501 1174 1375 1410 1478 1338 601 506 535 673 771 672 839 669 533 901 1106 901 1016 789 932 1185 1109 1265 1263 1467 1475 884 718 821 770 878 1079 880 1030 1259 1481 645 522 650 726 887 163 0 247 302 257 213 240 242 205 334 391 420 467 391 521 234 318 378 320 285 311 376 390 462 407 358 339 381 364 460 463 539 596 559 498 534 541 674 602 554 476 412 448 559 687 765 520 723 590 884 781 467 463 644 731 856 898 991 775 701 629 716 920 1170 1417 906 1221 1104 1429 705 886 755 976 1020 1109 1211 1413 1321 1138 1478 1508 1541 1116 1456 1655 1236 1459 1505 1086 1080 1178 1076
1169 1634 1675 1469 1189 1390 1425 1494 1353 709 618 554 692 790 780 957 787 651 920 1239 1033 984 808 900 1153 1094 1232 1230 1435 1443 795 630 732 681 790 991 899 942 1227 1448 627 433 562 637 799 127 243 0 209 263 298 403 405 347 496 513 582 629 513 657 252 440 500 330 217 230 287 310 382 327 520 426 426 361 443 445 671 715 479 417 453 461 594 521 516 491 427 463 575 836 914 683 885 752 1016 913 588 584 765 747 871 913 1006 790 716 644 731 936 1081 1328 921 1132 1015 1340 640 901 771 991 1035 1125 1226 1428 1336 1154 1390 1420 1453 1131 1471 1671 1148 1371 1416 997 991 1089 987
1106 1533 1574 1368 1252 1453 1488 1557 1416 626 536 472 609 708 698 875 722 586 838 1162 970 883 725 799 1051 993 1131 1129 1334 1342 694 528 631 580 688 889 816 841 1126 1347 526 332 460 491 653 163 298 203 0 213 318 463 465 410 556 576 642 689 575 720 315 503 563 389 263 118 186 205 228 240 538 364 344 260 342 344 609 653 387 362 398 406 539 466 461 554 490 526 638 861 939 743 835 700 954 851 651 647 828 809 934 976 1056 853 779 707 794 999 935 1182 905 986 869 1194 585 964 834 1054 1098 1188 1289 1330 1399 1014 1244 1274 1307 1194 1534 1734 1002 1225 1270 851 845 943 841
982 1479 1521 1314 1348 1548 1584 1652 1512 503 412 348 486 584 575 751 598 463 714 1039 847 829 602 745 998 934 1078 1076 1280 1288 693 528 631 579 688 889 693 840 1073 1294 422 332 460 560 722 144 253 257 210 0 146 343 363 392 454 585 541 587 597 705 411 524 584 491 365 220 192 308 315 343 414 240 220 141 237 240 485 529 489 465 501 508 641 568 563 650 586 622 733 737 816 626 711 577 830 727 673 669 850 905 1030 1072 1125 948 875 802 889 1094 1004 1251 974 1055 938 1263 687 1060 929 1150 1194 1269 1385 1399 1495 1083 1313 1343 1375 1289 1630 1829 1070 1293 1339 920 914 1012 910
891 1502 1543 1336 1304 1505 1540 1609 1468 441 346 370 508 607 512 680 509 373 737 961 756 852 624 768 1020 949 1100 1098 1303 1311 802 637 740 688 797 998 715 942 1095 1316 527 441 569 673 835 180 210 293 314 138 0 252 298 348 390 542 476 523 554 661 367 481 541 451 414 334 301 421 428 456 301 149 190 235 311 345 394 438 603 578 614 621 754 682 676 606 542 578 690 646 724 534 620 485 739 636 629 625 806 862 986 1028 1121 905 831 759 846 1051 1117 1364 1036 1168 1051 1376 801 1016 886 1106 1150 1240 1341 1512 1451 1196 1426 1456 1488 1246 1586 1786 1184 1406 1452 1033 1027 1125 1023
925 1590 1632 1425 1301 1502 1538 1606 1466 490 395 493 630 669 561 728 558 422 859 995 758 940 746 856 1109 998 1189 1186 1391 1399 933 767 870 819 927 1128 837 1064 1183 1405 658 571 699 803 965 314 236 399 447 327 248 0 108 255 199 397 285 332 429 479 314 398 458 448 412 438 431 518 558 535 206 259 321 366 441 476 428 485 687 625 661 669 802 729 681 603 539 575 687 552 630 385 588 455 773 670 547 543 723 859 983 1025 1118 902 829 756 843 1048 1248 1494 1033 1299 1181 1507 833 1013 883 1104 1147 1237 1338 1540 1448 1266 1556 1586 1619 1243 1584 1783 1314 1537 1582 1163 1158 1256 1154
967 1632 1673 1467 1310 1511 1547 1615 1474 531 437 534 672 710 602 770 599 464 901 1037 797 982 788 898 1150 1040 1230 1228 1432 1441 974 809 912 860 969 1170 879 1105 1225 1446 699 613 741 845 1007 323 245 408 456 352 290 105 0 187 155 324 273 320 356 430 288 369 429 457 421 447 473 527 599 544 248 301 362 407 483 517 469 527 696 634 670 678 811 738 690 588 548 584 663 540 619 374 576 443 814 711 517 514 694 868 992 1034 1127 911 838 765 852 1057 1289 1536 1042 1340 1223 1548 841 1022 892 1113 1156 1246 1347 1549 1457 1275 1598 1628 1660 1252 1593 1792 1356 1578 1624 1205 1199 1297 1195
1046 1711 1753 1546 1251 1452 1488 1556 1415 611 517 614 752 790 682 850 679 543 980 1117 911 1062 868 978 1230 1120 1310 1308 1512 1520 1005 840 943 891 1000 1201 959 1152 1305 1526 779 644 772 803 965 298 201 349 407 384 341 242 177 0 287 262 424 423 290 385 212 292 352 398 362 388 498 468 540 485 368 381 442 487 563 597 549 606 637 575 611 619 752 679 631 512 489 525 587 688 766 524 727 594 894 791 441 437 617 809 933 975 1068 852 779 706 793 998 1247 1494 983 1298 1181 1506 783 963 833 1054 1097 1187 1288 1490 1398 1216 1556 1586 1618 1193 1534 1733 1314 1536 1582 1163 1157 1255 1153
922 1694 1761 1554 1398 1599 1634 1703 1562 619 525 622 760 798 690 830 687 551 988 993 726 1070 876 986 1238 1114 1274 1316 1388 1529 1062 897 1000 948 1057 1258 967 1193 1313 1534 787 701 829 933 1094 411 333 496 544 440 378 192 144 278 0 271 202 217 273 344 401 320 378 545 509 535 560 614 686 631 256 389 450 495 571 605 419 479 784 722 758 765 898 826 778 620 618 672 695 469 547 302 505 372 770 667 466 417 643 955 1080 1122 1215 999 925 853 940 1145 1377 1624 1130 1428 1311 1636 929 1110 980 1130 1244 1334 1435 1637 1545 1363 1686 1715 1748 1340 1680 1880 1443 1666 1712 1293 1287 1385 1283
1006 1777 1947 1740 1324 1525 1560 1628 1525 805 710 808 945 984 876 1036 873 737 1174 1076 932 1255 1061 1171 1424 1313 1480 1501 1471 1714 1169 1004 1107 1055 1164 1365 1152 1316 1498 1720 973 808 936 967 1128 492 379 513 571 578 535 395 314 253 262 0 408 382 204 319 378 227 284 562 526 552 662 631 704 649 459 574 636 681 756 791 625 685 801 739 775 782 915 843 776 541 542 645 607 620 699 508 685 578 853 751 373 369 550 953 1078 1120 1213 996 923 850 900 1142 1411 1658 1128 1462 1345 1670 927 1036 905 1036 1155 1331 1433 1634 1543 1360 1720 1749 1782 1338 1678 1834 1477 1700 1746 1327 1321 1419 1317
896 1667 1743 1536 1468 1669 1705 1773 1633 623 529 604 742 803 694 803 692 556 970 966 699 1052 858 968 1220 1087 1247 1298 1361 1510 1131 966 1069 1017 1126 1327 949 1175 1295 1516 832 770 898 1001 1165 481 403 566 614 510 448 263 239 401 184 403 0 216 406 402 481 453 510 615 579 605 631 685 757 702 234 459 521 566 621 675 392 454 854 792 828 836 969 896 848 744 706 742 819 436 514 269 472 339 743 640 509 457 746 1026 1150 1192 1285 1069 996 923 1010 1215 1445 1692 1200 1496 1379 1704 1000 1180 1050 1232 1314 1404 1505 1707 1615 1433 1754 1783 1816 1410 1751 1950 1514 1737 1782 1363 1357 1455 1353
859 1631 1824 1610 1436 1637 1660 1741 1638 704 610 685 822 883 775 884 772 636 1051 930 780 1132 938 1048 1301 1167 1328 1378 1325 1591 1187 1022 1125 1073 1182 1383 1029 1256 1375 1597 912 826 954 1058 1219 536 458 621 668 565 502 317 294 414 208 381 203 0 369 329 535 431 439 669 633 660 685 739 811 756 313 514 575 620 696 730 473 533 908 847 883 890 1023 951 903 746 746 797 737 386 464 219 422 289 707 604 390 335 624 1080 1205 1247 1340 1124 1050 978 1065 1269 1502 1749 1255 1553 1436 1761 1054 1149 987 1111 1229 1458 1560 1761 1670 1487 1810 1840 1873 1465 1805 1946 1568 1791 1837 1418 1412 1510 1408
965 1737 1954 1715 1299 1500 1536 1604 1501 819 725 822 959 998 890 1038 887 751 1188 1035 934 1269 1075 1185 1438 1322 1462 1516 1431 1728 1170 1005 1108 1056 1165 1366 1167 1317 1513 1734 978 809 937 968 1129 496 380 514 572 582 539 427 346 281 264 196 409 362 0 228 378 219 222 562 526 553 662 632 704 649 468 589 650 695 770 796 627 688 801 740 776 783 916 844 769 534 534 637 599 579 658 499 644 559 813 710 332 328 487 945 1070 1112 1205 989 915 843 892 1134 1412 1658 1120 1463 1342 1671 919 1012 850 974 1092 1323 1425 1627 1535 1352 1720 1750 1783 1330 1670 1809 1478 1701 1747 1328 1322 1420 1318
1041 1813 1974 1768 1375 1576 1612 1680 1576 855 760 835 973 1034 926 1035 923 787 1202 1111 930 1283 1089 1199 1451 1318 1478 1529 1507 1742 1296 1131 1234 1182 1291 1492 1180 1407 1526 1747 1063 935 1063 1094 1256 614 506 640 698 697 653 468 419 376 335 318 405 322 221 0 505 345 298 689 653 679 789 759 831 776 464 664 726 771 846 881 624 684 928 866 902 910 1043 970 894 659 660 763 676 655 734 492 694 561 889 786 408 404 563 1071 1196 1238 1331 1114 1041 968 1018 1260 1538 1785 1246 1589 1468 1797 1045 1087 926 1050 1168 1449 1551 1752 1661 1478 1847 1877 1909 1456 1796 1885 1605 1827 1873 1454 1448 1546 1444
1086 1741 1782 1576 1053 1254 1289 1357 1217 679 585 680 817 859 750 918 748 612 1046 1156 979 1091 933 1007 1259 1188 1339 1337 1542 1550 902 736 839 788 896 1097 1024 1049 1334 1555 734 540 668 699 861 299 232 245 303 402 359 311 277 205 393 369 497 544 370 517 0 260 364 200 222 285 394 364 436 381 436 449 511 468 550 552 618 675 533 405 507 515 648 565 433 355 291 327 438 700 778 599 765 669 933 831 453 449 600 610 735 777 870 654 580 508 595 799 1125 1346 785 1157 1007 1365 584 765 634 855 899 989 1090 1292 1200 1018 1415 1445 1477 995 1335 1535 1210 1433 1478 1059 1053 1151 1049
928 1699 1902 1678 1140 1341 1376 1445 1341 761 666 763 901 940 832 999 829 693 1130 998 981 1211 1017 1127 1380 1269 1424 1457 1393 1670 1112 947 1049 998 1107 1308 1108 1259 1454 1676 920 750 879 909 1071 438 321 455 514 524 481 392 357 284 311 219 455 429 212 359 257 0 203 419 466 495 604 574 646 591 503 530 592 637 712 738 639 702 743 600 717 725 838 724 593 358 358 461 423 542 621 461 607 522 776 673 295 291 468 769 894 936 1029 813 739 667 716 958 1284 1505 944 1316 1166 1524 743 852 722 905 986 1147 1249 1451 1359 1176 1574 1603 1636 1154 1494 1650 1420 1643 1688 1269 1264 1361 1259
889 1661 1878 1639 1099 1300 1336 1404 1300 809 715 790 927 988 880 1048 877 741 1156 959 950 1237 1043 1153 1406 1318 1385 1483 1355 1696 1183 1018 1120 1069 1178 1379 1134 1330 1480 1702 991 821 950 980 1142 509 392 526 585 595 552 463 428 355 380 287 515 432 215 291 388 194 0 572 539 566 675 645 717 662 574 601 663 708 783 809 600 663 814 752 788 796 929 856 745 510 510 614 400 500 582 423 568 483 737 634 246 243 287 922 1046 1088 1182 965 892 819 765 1111 1425 1658 1096 1469 1319 1677 896 811 649 774 892 1300 1402 1603 1512 1329 1726 1756 1789 1264 1647 1609 1491 1714 1759 1340 1335 1432 1330
1224 1816 1857 1650 1096 1297 1332 1400 1260 788 694 754 892 967 859 1027 856 721 1121 1294 1088 1166 1008 1082 1334 1276 1414 1412 1617 1625 976 811 914 862 971 1172 1099 1123 1409 1630 808 615 743 655 935 384 323 320 378 483 450 419 413 366 513 530 606 653 531 678 194 411 514 0 209 359 469 438 511 455 545 558 619 543 625 626 726 784 524 300 465 426 549 468 336 398 332 370 481 861 939 708 911 777 1071 968 614 610 689 653 778 820 913 697 623 551 638 842 1072 1346 828 1177 1050 1385 528 808 677 898 942 1031 1133 1335 1243 1060 1435 1465 1498 1038 1378 1577 1284 1507 1553 1134 1128 1226 1069
1181 1686 1727 1520 1143 1343 1379 1447 1307 745 651 624 762 861 816 984 813 678 991 1251 1045 1036 878 952 1204 1146 1284 1282 1487 1495 846 681 784 732 841 1042 969 993 1279 1500 678 485 613 644 805 287 278 208 248 353 405 376 370 323 470 487 563 609 488 635 217 421 471 161 0 229 339 308 381 326 502 515 496 413 495 496 683 741 478 296 452 421 544 472 404 445 381 417 528 818 896 665 868 734 1028 925 570 567 736 700 825 867 960 744 670 598 685 889 1088 1335 875 1139 1022 1347 591 855 724 945 989 1078 1180 1381 1290 1107 1397 1426 1459 1085 1425 1624 1154 1377 1423 1004 998 1096 994
1117 1544 1586 1379 1220 1420 1456 1524 1384 638 547 483 621 719 710 886 734 598 849 1174 982 894 737 810 1063 1004 1143 1141 1345 1353 705 540 643 591 700 901 828 852 1138 1359 537 344 472 503 664 226 326 228 111 212 330 425 418 371 518 535 611 658 536 683 277 469 519 309 227 0 197 112 194 189 549 375 355 272 354 355 620 664 335 330 366 373 506 434 429 522 458 494 605 866 944 713 846 712 965 862 619 615 796 777 902 944 1037 820 747 674 761 966 947 1193 910 998 881 1206 553 932 801 1022 1066 1155 1257 1341 1367 1026 1255 1285 1318 1161 1502 1701 1013 1236 1282 863 857 955 853
1051 1359 1401 1194 1333 1533 1569 1637 1497 490 422 335 473 571 562 738 624 488 683 1002 916 709 589 625 878 819 958 956 1160 1168 520 355 457 406 515 716 675 667 952 1174 369 159 287 396 562 233 377 287 189 180 294 434 472 484 573 649 657 712 649 796 390 583 632 422 340 188 0 264 216 290 507 340 260 182 201 203 554 560 437 443 455 392 482 525 542 635 571 607 718 806 885 695 780 646 899 796 732 728 909 890 1015 1057 961 934 860 788 875 1079 841 1087 810 892 774 1099 666 1045 914 1135 1179 1106 1273 1235 1381 920 1149 1179 1212 1275 1563 1787 911 1134 1180 761 755 853 751
1205 1573 1615 1408 1295 1496 1531 1600 1459 704 634 549 687 786 776 952 821 685 897 1217 1069 923 803 839 1092 1033 1172 1170 1374 1382 741 576 679 627 726 937 894 888 1167 1388 590 380 508 509 671 301 401 304 203 299 417 500 493 446 594 611 687 733 611 758 352 545 595 384 303 106 260 0 194 93 626 462 442 359 423 424 707 751 239 297 311 340 473 401 395 597 533 569 681 941 1020 788 934 799 1052 949 694 690 871 852 977 1019 1075 896 733 750 837 1041 954 1200 877 1005 888 1213 520 1007 876 1097 1141 1219 1332 1348 1442 1033 1262 1292 1325 1237 1577 1777 1020 1243 1289 870 864 962 860
1210 1519 1561 1354 1370 1570 1606 1674 1534 650 582 495 633 732 722 898 784 649 843 1163 1074 869 749 785 1038 979 1118 1116 1320 1328 687 522 625 573 672 883 840 834 1113 1334 536 326 454 455 617 330 475 378 228 304 422 562 568 521 668 685 761 808 686 833 426 619 669 459 377 189 212 186 0 182 641 467 433 355 374 376 712 720 328 448 424 452 541 551 546 672 608 644 755 965 1043 853 939 804 1057 954 769 765 946 927 1052 1094 1021 970 884 824 911 1116 900 1146 869 951 834 1159 670 1082 951 1172 1216 1165 1332 1294 1440 979 1208 1238 1271 1311 1622 1847 966 1189 1234 816 810 908 806
1240 1600 1642 1435 1312 1513 1548 1617 1476 731 663 576 714 812 803 979 856 720 924 1243 1104 950 830 866 1119 1060 1199 1196 1401 1409 768 603 706 654 753 964 921 915 1193 1415 617 407 535 467 698 318 418 321 241 334 452 517 511 463 611 628 704 750 628 776 369 562 612 401 320 183 287 85 175 0 643 497 477 394 449 451 742 786 188 265 241 277 429 369 364 614 550 586 698 958 1037 806 969 834 1087 984 711 707 888 870 994 1036 1057 913 702 767 854 1059 912 1158 845 990 872 1197 488 1024 894 1114 1158 1204 1349 1333 1459 1018 1247 1277 1310 1254 1594 1794 1047 1270 1315 896 891 988 881
745 1517 1592 1386 1418 1618 1654 1722 1582 473 379 453 591 652 544 656 541 405 820 816 551 901 707 817 1070 939 1099 1147 1211 1360 981 816 919 867 976 1177 798 1025 1144 1366 681 620 748 850 1016 420 353 515 529 402 297 204 228 362 241 458 232 311 456 459 427 504 546 517 525 529 506 619 628 632 0 335 397 441 470 551 241 302 803 742 778 785 918 846 798 720 656 692 803 501 579 366 474 340 593 490 496 492 731 975 1100 1142 1235 1018 945 872 960 1164 1295 1541 1150 1346 1228 1553 949 1130 999 1217 1264 1353 1455 1656 1565 1374 1603 1633 1666 1360 1700 1899 1365 1588 1634 1215 1209 1307 1205
850 1437 1479 1272 1429 1630 1666 1734 1594 337 241 336 474 516 408 576 405 269 702 917 712 788 590 704 956 846 1036 1034 1239 1246 828 663 766 714 823 1024 681 907 1031 1252 553 467 595 699 860 307 335 420 349 222 143 256 294 374 394 569 456 534 592 681 439 525 575 528 501 349 326 438 447 461 287 0 160 261 308 371 353 334 628 604 639 647 780 707 702 731 667 703 815 605 683 493 579 444 697 595 600 596 835 987 1111 1153 1246 1030 957 884 971 1176 1143 1390 1112 1194 1077 1402 826 1141 1011 1232 1275 1365 1466 1537 1576 1222 1451 1481 1514 1371 1712 1911 1209 1432 1478 1059 1053 1151 1049
959 1346 1387 1180 1479 1679 1715 1783 1643 369 265 214 352 451 441 618 475 339 581 905 789 696 468 612 864 801 944 942 1147 1154 758 593 695 644 753 954 559 785 939 1160 442 397 525 645 811 310 384 423 338 211 193 326 364 444 464 638 557 603 662 751 509 595 645 571 490 338 259 427 421 450 395 156 0 148 155 286 461 438 617 593 628 636 730 696 691 781 717 753 864 714 792 602 688 553 806 703 709 705 921 1036 1161 1203 1210 1080 1006 934 1021 1225 1089 1336 1058 1140 1023 1348 815 1191 1060 1281 1325 1354 1516 1484 1626 1168 1398 1427 1460 1421 1761 1960 1160 1383 1428 1009 1004 1101 999
1013 1400 1441 1235 1399 1600 1635 1703 1563 423 344 268 406 505 495 672 555 419 635 959 859 750 522 666 918 855 998 996 1201 1209 680 515 618 566 675 876 613 827 993 1214 390 319 447 575 741 251 360 353 255 129 229 369 407 487 507 682 600 647 697 794 456 630 680 488 407 254 181 344 343 367 439 270 139 0 200 208 515 521 534 509 545 553 660 613 608 701 637 673 784 768 846 656 742 607 860 757 763 759 957 956 1081 1123 1140 1000 926 854 941 1145 1019 1266 989 1071 953 1278 732 1111 980 1201 1245 1285 1436 1414 1546 1099 1328 1358 1391 1341 1681 1881 1090 1313 1359 940 934 1032 930
977 1364 1405 1199 1486 1687 1722 1790 1650 366 307 229 341 440 438 607 512 383 570 894 795 714 457 630 882 790 962 960 1165 1173 699 534 637 585 694 895 548 775 957 1178 385 324 466 594 761 348 457 440 342 225 308 448 486 566 586 761 582 661 784 809 543 717 767 575 494 341 201 409 363 423 414 304 154 195 0 212 479 485 590 596 632 591 680 700 695 788 724 760 871 732 810 620 706 571 824 721 727 723 962 1043 1168 1210 1160 1087 1013 941 1028 1232 1039 1285 1008 1090 973 1298 819 1198 1067 1288 1332 1304 1471 1433 1579 1118 1347 1377 1410 1428 1761 1968 1110 1332 1378 959 953 1051 949
1128 1543 1584 1378 1487 1688 1724 1792 1652 566 487 412 510 644 638 811 698 562 774 1098 992 893 661 809 1061 994 1141 1139 1344 1352 632 447 570 518 627 828 589 740 1120 1337 283 212 399 580 746 351 460 441 343 228 340 480 518 589 618 784 711 758 796 905 544 730 780 576 495 343 202 410 364 424 550 381 285 204 199 0 630 664 592 598 633 576 665 701 696 789 725 761 873 883 961 771 857 722 975 872 878 874 1056 1045 1169 1211 1145 1088 1015 942 1029 1234 1024 1271 993 1075 958 1283 820 1199 1069 1290 1333 1289 1456 1419 1564 1103 1333 1362 1395 1429 1747 1969 1095 1318 1363 944 939 1036 934
789 1494 1607 1400 1586 1787 1810 1891 1775 487 393 468 606 667 558 607 547 411 834 813 503 916 722 832 1084 891 1051 1162 1254 1374 995 830 933 881 990 1191 813 1039 1159 1380 696 634 762 865 1031 551 546 664 594 467 388 437 456 555 401 620 391 471 616 618 620 625 590 710 718 594 571 684 692 706 224 378 456 493 463 600 0 258 873 849 884 861 950 952 947 913 849 885 887 544 623 433 518 383 637 534 540 536 774 1168 1293 1335 1428 1211 1138 1065 1152 1357 1309 1556 1278 1360 1243 1568 1071 1299 1137 1261 1379 1546 1648 1704 1758 1388 1618 1647 1680 1552 1893 2092 1380 1603 1648 1229 1224 1321 1219
853 1551 1592 1386 1650 1851 1874 1954 1821 419 335 453 591 588 480 595 430 294 812 923 636 901 707 817 1069 918 1124 1147 1318 1360 981 815 918 867 975 1176 798 1024 1144 1365 681 619 747 850 1016 596 592 709 638 511 432 483 517 601 461 680 452 531 676 679 666 688 653 756 764 638 563 727 727 750 284 330 431 507 448 630 244 0 917 893 909 846 935 979 991 959 895 931 951 608 686 496 582 447 700 597 603 599 838 1214 1339 1381 1415 1257 1184 1111 1199 1403 1294 1541 1264 1345 1228 1553 1115 1362 1200 1324 1443 1559 1694 1689 1804 1373 1603 1633 1665 1599 1939 2138 1365 1588 1634 1215 1209 1307 1205
1386 1731 1772 1566 1432 1633 1669 1737 1562 861 794 707 844 943 933 1110 996 860 1054 1374 1251 1081 960 997 1249 1191 1329 1327 1532 1540 899 734 836 785 890 1095 1051 1046 1324 1545 748 537 666 330 799 470 571 473 387 481 599 669 663 615 763 780 856 902 780 928 521 714 764 464 472 330 434 231 322 167 785 640 623 527 583 581 875 926 0 306 210 173 322 366 375 766 680 738 850 1111 1189 958 1115 981 1234 1131 863 859 1040 980 1105 1061 923 910 713 877 928 1103 775 1021 771 853 736 1061 499 1164 1046 1266 1310 1067 1234 1196 1342 881 1110 1140 1173 1303 1524 1749 1185 1407 1453 882 1016 1126 744
1362 1789 1831 1624 1220 1421 1457 1525 1390 883 792 728 866 964 954 1131 978 843 1094 1419 1227 1139 982 1055 1308 1249 1388 1386 1590 1598 950 785 888 836 945 1146 1073 1097 1382 1604 782 589 717 427 895 409 509 412 352 457 574 608 601 554 702 718 794 841 719 866 399 591 702 240 291 319 436 294 441 246 724 616 599 503 585 584 851 903 293 0 247 196 319 247 140 523 435 493 606 1049 1127 896 1091 956 1210 1107 802 798 870 783 908 950 935 801 579 680 720 972 871 1117 723 949 832 1157 366 933 802 1023 1066 1161 1263 1293 1373 977 1207 1236 1269 1167 1508 1707 1258 1481 1526 978 1102 1200 841
1398 1707 1749 1542 1371 1572 1607 1675 1526 838 770 683 821 919 910 1086 972 836 1031 1350 1262 1057 937 973 1226 1167 1306 1304 1508 1516 875 710 813 761 867 1071 1028 1022 1301 1522 724 514 642 307 776 445 545 447 387 493 610 643 637 590 737 754 830 877 755 902 495 688 738 405 446 355 444 308 418 222 759 651 635 539 621 619 886 902 197 241 0 112 263 304 313 719 621 689 802 1085 1163 932 1127 992 1245 1143 838 834 1014 919 1043 1037 899 872 651 816 866 1079 751 998 748 829 712 1037 437 1102 998 1219 1263 1043 1210 1173 1319 857 1087 1117 1149 1280 1501 1725 1161 1384 1429 858 992 1103 721
1337 1645 1686 1480 1258 1459 1495 1563 1413 775 708 621 758 857 847 1024 910 774 968 1288 1201 995 874 911 1163 1105 1243 1241 1446 1454 813 647 750 699 804 1008 965 960 1238 1459 662 451 580 244 713 452 552 455 395 500 617 651 645 597 745 762 838 884 762 909 503 696 746 366 417 362 381 338 423 258 767 659 613 546 569 558 826 840 160 194 104 0 151 192 201 624 536 594 707 1092 1170 939 1066 931 1185 1082 845 841 989 806 931 973 837 760 539 703 754 995 689 935 671 767 649 975 325 990 903 1124 1168 981 1148 1110 1256 795 1024 1054 1087 1190 1438 1663 1099 1321 1367 795 930 1040 658
1426 1734 1775 1569 1246 1447 1482 1551 1401 864 797 710 847 946 936 1113 999 863 1057 1377 1291 1084 963 1000 1252 1194 1332 1330 1535 1543 902 737 839 788 893 1098 1054 1049 1327 1548 751 540 669 333 802 585 685 588 528 619 736 784 778 730 878 895 971 1017 895 1042 636 829 879 489 540 495 470 471 512 409 864 774 702 647 658 647 915 929 309 317 256 144 0 124 253 676 589 614 760 1181 1259 1069 1155 1020 1274 1171 978 974 1042 794 918 960 882 747 526 691 741 983 766 1024 603 856 739 1064 313 977 956 1177 1209 1070 1237 1199 1345 884 1113 1143 1176 1178 1519 1718 1188 1410 1456 885 1019 1129 747
1466 1778 1819 1612 1127 1328 1364 1432 1282 908 841 753 891 990 980 1157 1043 907 1101 1421 1330 1128 1007 1044 1296 1238 1376 1374 1579 1587 946 780 883 832 937 1141 1098 1093 1371 1592 795 584 712 377 846 513 613 515 455 561 678 711 705 658 805 822 898 945 823 970 559 716 806 395 467 423 514 398 545 349 827 719 703 607 689 687 954 973 353 244 297 185 115 0 139 562 475 496 646 1153 1231 1000 1195 1060 1313 1211 906 902 928 675 800 842 763 629 408 572 622 864 703 1053 540 900 777 1108 194 858 842 1063 1091 1053 1155 1243 1265 928 1157 1187 1220 1059 1400 1599 1232 1454 1500 928 1063 1173 791
1457 1803 1844 1638 1128 1329 1365 1433 1298 933 866 779 917 1015 1005 1182 1068 932 1126 1446 1322 1153 1033 1069 1321 1263 1401 1399 1604 1612 971 806 909 857 963 1167 1124 1118 1396 1617 820 610 738 402 871 508 557 510 450 556 673 653 646 599 747 764 840 886 761 909 427 584 734 263 400 417 535 393 540 344 769 714 697 602 684 682 946 998 362 138 306 194 246 132 0 431 343 401 514 1092 1170 941 1144 1011 1305 1202 845 841 796 691 816 858 827 693 472 588 628 880 802 1093 616 925 808 1133 258 840 710 931 974 1069 1171 1269 1281 953 1182 1212 1245 1075 1416 1615 1257 1480 1525 954 1088 1198 817
1243 1977 2018 1812 828 987 1063 1110 1014 933 838 915 1053 1112 1004 1171 1001 865 1282 1313 1233 1327 1169 1243 1495 1437 1575 1573 1708 1786 1137 972 1075 1023 1132 1333 1260 1284 1570 1791 970 776 904 822 1088 535 468 481 539 638 595 564 557 505 612 533 750 744 526 673 338 349 473 332 436 506 624 591 665 597 680 698 759 691 773 771 857 923 756 517 712 617 669 555 427 0 164 155 125 857 935 776 921 837 1090 987 604 601 425 575 696 736 794 610 541 453 403 759 1062 1313 751 1124 974 1331 499 511 414 625 667 955 1056 1258 1166 984 1381 1411 1444 939 1253 1330 1446 1668 1714 1295 1289 1387 1212
1243 1918 1960 1753 914 1073 1150 1196 1101 874 780 857 995 1053 945 1113 942 807 1223 1313 1174 1269 1111 1184 1437 1378 1517 1515 1708 1727 1079 914 1017 965 1074 1275 1202 1226 1512 1733 911 718 846 734 1030 476 410 423 481 579 536 505 499 452 599 534 692 739 527 674 280 350 500 260 377 448 565 533 607 539 621 640 701 632 715 713 798 864 667 429 614 530 582 468 340 149 0 209 259 857 935 776 922 837 1090 988 610 606 558 549 670 710 768 584 516 427 482 733 1057 1287 725 1098 948 1306 494 597 501 712 753 929 1031 1232 1141 958 1355 1385 1418 913 1228 1417 1387 1610 1656 1237 1231 1329 1125
1340 1949 1990 1784 838 998 1074 1120 1025 905 810 887 1025 1084 976 1143 973 837 1254 1411 1205 1299 1141 1215 1467 1409 1547 1545 1750 1758 1109 944 1047 995 1104 1305 1232 1256 1542 1763 942 748 876 792 1060 507 440 453 511 610 567 536 529 482 630 637 722 769 630 777 310 453 578 304 408 478 596 564 637 569 652 670 731 663 745 743 829 895 728 487 682 587 606 489 398 140 206 0 230 960 1039 824 1025 894 1188 1085 709 706 512 545 666 706 764 580 512 423 289 729 937 1283 686 1094 944 1302 373 521 425 636 677 925 1027 1228 1137 954 1351 1381 1414 909 1224 1341 1418 1640 1686 1267 1261 1359 1183
1178 1949 2102 1895 777 936 1012 1059 963 1016 922 999 1137 1195 1087 1255 1084 948 1365 1248 1239 1410 1253 1326 1579 1520 1659 1657 1643 1869 1221 1056 1159 1107 1216 1417 1344 1368 1654 1875 1053 860 988 905 1172 618 551 564 623 721 678 647 641 581 687 599 831 727 592 670 421 415 346 416 519 590 707 675 749 681 763 782 842 774 857 855 874 946 839 600 795 701 753 639 511 110 256 222 0 732 870 711 856 772 1025 922 478 474 298 658 776 819 877 693 625 536 371 842 1145 1396 835 1207 1057 1415 581 460 363 574 616 1038 1140 1341 1250 1067 1464 1494 1527 924 1283 1279 1529 1752 1797 1378 1373 1471 1296
793 1565 1782 1544 1387 1588 1558 1692 1588 778 683 758 896 957 849 1015 846 710 1137 974 943 1252 1062 1133 1382 1239 1290 1457 1281 1665 1286 1121 1223 1172 1281 1482 1103 1330 1449 1670 986 924 1053 1155 1321 765 685 852 888 765 683 543 534 683 470 617 438 395 569 645 713 553 505 893 857 883 862 962 989 979 536 673 751 796 775 906 569 632 1131 1070 1106 1113 1240 1174 1103 863 868 968 737 0 210 258 252 439 511 514 284 379 597 1279 1390 1446 1539 1323 1249 1177 1102 1468 1599 1846 1454 1650 1533 1858 1253 1106 916 859 1030 1663 1788 1971 1874 1680 1917 1952 1971 1559 1935 1897 1671 1896 1945 1535 1519 1613 1510
769 1540 1757 1519 1539 1740 1701 1844 1740 833 738 813 951 1012 904 1025 901 765 1192 950 953 1307 1117 1188 1437 1215 1266 1511 1257 1720 1341 1175 1278 1227 1335 1536 1158 1384 1504 1725 1041 979 1108 1210 1376 820 740 907 943 820 738 598 589 743 525 682 493 450 634 710 778 618 593 948 912 938 917 1017 1044 1034 591 728 806 851 830 961 624 687 1186 1125 1161 1168 1295 1229 1167 932 933 1036 879 205 0 313 232 445 465 489 461 524 766 1344 1469 1511 1604 1387 1314 1241 1244 1533 1654 1901 1519 1705 1588 1913 1318 1290 1112 1002 1173 1727 1852 2035 1939 1735 1972 2007 2026 1728 2069 2049 1726 1951 2000 1590 1574 1668 1565
630 1402 1619 1381 1426 1627 1606 1731 1628 632 537 612 750 811 703 757 700 564 991 811 685 1106 916 987 1236 1057 1127 1310 1118 1519 1140 974 1077 1026 1134 1335 957 1183 1303 1524 840 778 906 1009 1175 592 512 679 725 619 537 370 361 515 297 509 265 222 482 495 585 466 441 720 684 710 715 789 843 807 364 526 605 650 629 760 422 486 959 897 933 940 1073 1001 953 780 781 847 727 246 325 0 227 187 478 375 320 305 614 1130 1255 1297 1390 1174 1100 1028 1093 1320 1453 1700 1305 1504 1387 1712 1104 1139 970 1044 1182 1514 1639 1822 1725 1534 1771 1806 1825 1515 1855 1936 1525 1750 1799 1388 1373 1467 1364
714 1485 1702 1464 1567 1767 1733 1871 1768 742 648 722 860 921 813 867 810 674 1101 895 795 1216 1026 1097 1346 1160 1211 1421 1202 1629 1250 1085 1187 1136 1245 1446 1067 1294 1413 1634 950 888 1017 1119 1285 790 710 877 852 729 647 568 559 713 495 670 463 420 622 693 766 606 581 918 882 859 826 946 953 981 522 637 716 760 739 870 533 596 1128 1095 1131 1115 1204 1199 1151 921 921 1024 867 246 222 226 0 294 451 453 446 494 755 1329 1453 1495 1588 1372 1298 1226 1233 1518 1563 1810 1503 1614 1497 1822 1302 1279 1096 1053 1224 1712 1837 1968 1923 1644 1881 1916 1935 1713 2053 2076 1636 1860 1909 1499 1483 1577 1474
673 1445 1662 1423 1607 1808 1787 1912 1809 709 614 689 827 888 780 834 777 641 1068 854 762 1183 993 1064 1313 1119 1170 1387 1161 1596 1217 1051 1154 1103 1211 1412 1034 1260 1380 1601 917 855 983 1086 1252 777 700 867 819 696 614 558 549 703 485 697 453 410 663 683 773 647 622 908 872 826 793 913 920 948 489 604 682 727 706 837 500 563 1095 1070 1106 1082 1171 1174 1141 961 962 1035 908 427 435 186 291 0 434 393 501 486 795 1318 1443 1485 1578 1362 1288 1216 1274 1508 1530 1777 1493 1581 1464 1789 1292 1320 1151 1225 1363 1702 1827 1935 1913 1611 1848 1883 1902 1703 2043 2117 1602 1827 1876 1466 1450 1544 1441
392 1212 1429 1191 1745 1904 1968 2027 1931 826 732 807 945 1004 898 824 895 759 1069 511 644 1255 1061 1080 1361 870 937 1308 906 1475 1334 1169 1272 1221 1329 1530 1152 1378 1498 1719 1035 973 1101 1200 1362 890 885 1003 933 806 728 776 814 894 766 846 756 739 799 876 947 789 754 1049 1057 933 910 1023 1031 1045 589 717 795 832 802 939 603 675 1191 1182 1216 1193 1282 1284 1282 1089 1102 1200 1050 506 455 516 446 354 0 173 704 700 939 1505 1626 1666 1724 1540 1472 1383 1364 1689 1648 1895 1618 1699 1582 1907 1402 1428 1300 1301 1472 1885 1987 2043 2097 1727 1957 1986 2019 1870 2184 2247 1719 1942 1987 1568 1563 1661 1531
300 1121 1337 1099 1642 1801 1865 1924 1828 724 629 704 842 900 795 720 792 656 977 419 540 1152 958 988 1269 778 845 1216 815 1383 1232 1066 1169 1118 1226 1427 1049 1275 1395 1616 932 870 998 1097 1259 787 782 900 830 703 625 673 711 791 663 743 653 636 696 773 844 686 651 946 954 830 807 920 928 942 486 614 692 729 699 836 500 572 1089 1079 1113 1090 1179 1181 1180 986 999 1097 947 508 479 413 448 313 163 0 601 597 836 1402 1523 1563 1621 1437 1369 1280 1261 1586 1545 1792 1515 1596 1479 1804 1299 1325 1197 1304 1427 1782 1884 1940 1994 1624 1854 1883 1916 1767 2081 2144 1616 1839 1884 1465 1460 1558 1428
811 1627 1822 1602 1117 1277 1308 1399 1304 780 686 761 898 959 851 1019 848 712 1127 930 921 1208 1014 1124 1377 1289 1357 1455 1326 1665 1282 1117 1220 1168 1277 1478 1105 1332 1451 1673 988 921 1049 1076 1233 608 492 626 684 694 651 562 527 454 479 387 488 410 340 417 488 330 261 627 635 651 769 736 810 742 542 671 749 785 756 892 557 629 901 847 881 893 1021 949 877 589 643 701 476 279 445 311 442 373 697 604 0 157 337 1055 1123 1216 1274 1090 1022 933 791 1239 1506 1755 1179 1575 1454 1783 1023 806 651 714 850 1435 1537 1738 1647 1464 1833 1863 1895 1271 1623 1620 1591 1813 1859 1440 1434 1532 1403
774 1590 1785 1565 1170 1330 1393 1452 1357 743 648 723 861 922 814 982 811 675 1090 893 884 1171 977 1087 1339 1251 1319 1417 1288 1628 1245 1080 1183 1131 1240 1441 1068 1295 1414 1635 951 884 1012 1039 1196 571 455 589 647 657 614 525 490 417 408 350 441 329 303 379 451 293 223 590 598 614 731 699 773 705 505 634 711 748 719 855 519 592 864 809 843 856 984 912 840 588 606 700 475 376 515 297 490 359 660 566 118 0 364 1018 1139 1179 1237 1053 985 896 790 1202 1469 1718 1142 1538 1417 1746 985 853 726 838 956 1398 1500 1701 1610 1427 1795 1825 1858 1318 1676 1673 1553 1776 1822 1403 1397 1495 1365
1016 1832 2027 1807 867 1026 1103 1149 1054 985 891 965 1103 1164 1056 1224 1053 917 1332 1135 1126 1413 1219 1329 1581 1493 1561 1659 1530 1870 1434 1269 1372 1320 1429 1630 1310 1537 1656 1877 1193 1073 1201 1187 1385 774 658 778 836 860 817 728 693 620 645 553 727 615 480 557 597 460 233 629 733 803 921 888 962 894 747 863 923 960 961 1058 762 834 1053 864 1027 982 1034 921 793 409 555 504 297 592 758 598 744 659 902 808 325 360 0 897 867 1088 1144 960 874 737 517 1084 1389 1646 1030 1473 1324 1681 862 550 422 540 653 1307 1325 1610 1519 1336 1731 1761 1794 1015 1373 1370 1743 1965 2011 1592 1586 1684 1555
1629 2237 2279 2072 587 746 822 869 670 1193 1099 1176 1314 1372 1264 1432 1261 1126 1542 1699 1493 1588 1430 1504 1756 1697 1836 1834 2039 2046 1398 1233 1336 1284 1393 1594 1521 1545 1831 2052 1230 1037 1165 934 1349 795 729 742 800 898 855 825 818 771 918 935 1011 1058 934 1081 599 757 907 593 696 767 884 852 926 858 941 959 1020 951 1034 1032 1117 1183 967 781 911 799 785 668 692 566 540 536 649 1265 1343 1113 1316 1182 1476 1373 1017 1014 901 0 205 322 470 264 339 197 481 300 784 982 497 772 615 980 533 395 577 742 627 544 619 847 756 573 1006 1062 1095 410 724 958 1706 1929 1975 1405 1550 1648 1113
1753 2362 2403 2197 512 671 747 794 660 1318 1224 1301 1438 1497 1389 1557 1386 1250 1667 1824 1618 1712 1554 1628 1881 1822 1960 1958 2163 2171 1523 1358 1460 1409 1518 1719 1645 1670 1955 2176 1355 1161 1290 1049 1474 920 853 866 924 1023 980 949 943 895 1043 1060 1136 1182 1059 1206 723 882 1032 718 821 892 1009 977 1051 983 1065 1084 1144 1076 1158 1157 1242 1308 1092 906 1036 924 910 793 817 690 665 661 774 1385 1468 1238 1440 1307 1601 1498 1126 1138 869 204 0 312 473 356 453 306 542 291 900 1097 613 783 626 990 657 293 534 645 525 568 610 871 780 584 1016 1073 1106 400 715 949 1831 2054 2099 1521 1674 1772 1228
1795 2347 2388 2181 610 671 789 774 507 1360 1266 1322 1460 1539 1431 1599 1428 1292 1670 1866 1660 1697 1576 1613 1865 1807 1945 1943 2148 2156 1514 1349 1452 1401 1506 1710 1667 1661 1940 2161 1364 1153 1281 975 1439 962 895 908 966 1065 1022 991 985 937 1085 1102 1178 1224 1101 1248 765 924 1074 760 863 934 1051 1019 1093 1025 1107 1126 1186 1118 1200 1199 1284 1350 1028 948 1010 948 952 835 859 732 707 703 816 1431 1510 1280 1482 1349 1643 1540 1184 1180 1095 321 310 0 207 284 505 363 648 138 828 999 551 497 340 705 699 542 770 840 714 282 384 585 494 299 731 788 820 247 562 796 1800 2023 2029 1423 1644 1742 1130
1883 2190 2232 2025 790 852 969 954 687 1321 1254 1166 1304 1403 1393 1569 1455 1320 1514 1834 1747 1540 1420 1456 1709 1650 1789 1787 1991 1999 1358 1193 1296 1244 1350 1554 1511 1505 1784 2005 1207 997 1125 818 1283 1055 988 1001 1010 1076 1115 1084 1078 1031 1178 1195 1271 1318 1194 1341 859 1017 1167 853 956 1010 927 1018 968 1002 1200 1219 1158 1104 1114 1103 1371 1385 872 930 854 792 873 756 824 826 800 796 909 1525 1603 1373 1576 1442 1730 1627 1277 1274 1186 469 470 200 0 303 481 458 741 319 669 866 392 447 290 655 621 675 862 1020 894 425 526 620 636 236 681 737 770 427 742 976 1644 1867 1896 1290 1488 1586 997
1672 2178 2219 2013 726 885 962 1008 757 1237 1143 1154 1292 1390 1308 1476 1305 1169 1501 1743 1537 1528 1408 1444 1696 1638 1776 1774 1979 1987 1346 1181 1284 1232 1338 1542 1499 1493 1771 1992 1195 985 1113 806 1270 839 772 785 843 942 899 868 861 814 962 979 1055 1101 978 1125 642 801 951 636 740 811 914 896 956 901 984 1003 1063 995 1077 1075 1161 1227 860 796 842 753 739 622 690 609 584 580 693 1308 1387 1156 1359 1226 1520 1417 1061 1057 970 263 351 277 260 0 287 242 525 292 657 854 371 665 509 873 487 463 645 811 696 494 596 797 706 467 900 952 985 497 811 1045 1632 1855 1883 1277 1475 1573 985
1600 2141 2182 1976 774 934 1010 1057 915 1164 1070 1117 1254 1343 1235 1403 1232 1097 1464 1670 1464 1491 1370 1407 1659 1601 1739 1737 1942 1950 1309 1144 1246 1195 1300 1505 1462 1456 1734 1955 1158 948 1076 737 1201 766 699 712 771 869 826 795 789 742 889 906 982 1028 905 1052 569 728 878 564 667 738 855 731 878 682 911 930 990 922 1005 1003 1088 1154 700 575 644 532 518 401 469 537 511 507 620 1236 1314 1084 1287 1153 1447 1344 988 984 879 337 448 498 438 277 0 290 486 528 721 957 405 768 618 976 265 512 694 859 744 717 819 1020 929 669 1025 1055 1088 701 1016 1250 1595 1818 1863 1292 1426 1536 1079
1524 2133 2174 1968 626 785 862 908 766 1089 994 1072 1209 1268 1160 1328 1157 1021 1438 1595 1389 1483 1325 1399 1651 1593 1731 1729 1934 1942 1294 1128 1231 1180 1288 1489 1416 1441 1726 1947 1126 932 1060 886 1244 691 624 637 695 794 751 720 713 666 814 831 907 953 830 977 494 653 803 488 592 663 780 748 821 753 836 855 915 847 929 927 1013 1079 865 677 809 697 682 565 587 461 436 432 545 1160 1239 1008 1211 1078 1372 1269 913 909 742 195 301 356 415 231 285 0 294 386 737 934 450 745 595 953 430 363 473 638 596 575 676 878 786 604 1003 1033 1065 559 874 1107 1602 1824 1870 1358 1445 1543 1065
1543 2223 2264 2057 670 829 905 952 856 1178 1084 1161 1299 1358 1250 1417 1247 1111 1528 1613 1478 1573 1415 1489 1741 1683 1821 1819 2008 2032 1383 1218 1321 1269 1378 1579 1506 1530 1816 2037 1215 1022 1150 951 1334 780 714 727 785 883 841 810 803 756 903 892 996 1043 885 1032 584 708 711 578 682 752 870 837 911 843 926 944 1005 937 1019 1017 1103 1169 915 715 859 747 733 615 625 416 495 302 394 1097 1236 1076 1222 1137 1391 1288 843 840 569 479 537 640 698 514 481 289 0 670 1020 1217 689 1028 878 1236 480 335 374 540 544 859 961 1162 1071 888 1286 1315 1348 725 1108 1172 1691 1914 1960 1506 1535 1633 1342
1818 2370 2412 2205 589 706 824 809 542 1382 1288 1346 1484 1562 1453 1621 1451 1315 1694 1888 1682 1721 1600 1637 1889 1831 1969 1967 2172 2179 1538 1373 1476 1424 1530 1734 1691 1685 1964 2185 1388 1177 1305 998 1463 984 918 931 989 1087 1044 1014 1007 960 1107 1124 1200 1247 1123 1270 788 946 1096 782 886 956 1073 1041 1115 1047 1130 1148 1209 1140 1223 1221 1306 1372 1052 971 1034 972 974 857 881 755 729 725 838 1454 1532 1302 1505 1372 1665 1563 1207 1203 1091 299 288 130 284 286 523 381 657 0 849 1047 572 609 452 817 722 514 749 819 692 394 492 697 605 410 843 899 932 282 596 831 1824 2047 2076 1470 1668 1766 1178
1751 2103 2120 1934 1221 1381 1457 1503 1309 1238 1171 1083 1221 1320 1310 1487 1373 1237 1431 1751 1664 1458 1337 1374 1626 1568 1706 1704 1909 1914 1137 1061 1129 1024 889 1289 1428 1274 1701 1827 1125 914 1042 441 742 1019 1163 1072 927 993 1110 1250 1270 1223 1370 1387 1406 1484 1388 1535 1114 1272 1371 999 1079 927 844 936 885 892 1237 1148 1075 1021 1031 1021 1288 1303 762 869 744 682 757 699 799 1047 1052 936 1134 1555 1633 1443 1529 1394 1637 1543 1471 1467 1422 782 894 821 626 646 716 732 1007 842 0 349 360 486 483 622 579 906 1140 1295 1178 877 1044 975 1153 691 782 894 986 1049 1287 1546 1119 1342 1388 654 963 1061 362
1997 2350 2367 2181 1419 1578 1654 1701 1480 1485 1417 1330 1468 1566 1557 1733 1619 1483 1678 1997 1911 1704 1584 1620 1873 1814 1953 1951 2155 2161 1384 1307 1376 1270 1136 1536 1675 1521 1947 2074 1371 1161 1289 687 988 1265 1409 1319 1174 1239 1357 1497 1516 1469 1617 1634 1652 1731 1634 1781 1335 1493 1618 1286 1326 1174 1091 1182 1132 1139 1484 1395 1322 1267 1278 1267 1535 1549 1008 1115 990 928 1017 1049 1090 1286 1273 1268 1375 1801 1880 1690 1775 1641 1883 1790 1717 1713 1662 980 1092 992 824 844 952 930 1204 1040 331 0 651 633 635 478 930 1103 1337 1492 1375 1038 1205 1122 1313 852 929 910 1090 1220 1447 1706 990 1214 1258 600 871 969 550
1725 2077 2094 1909 934 1093 1170 1216 1031 1212 1145 1058 1195 1294 1284 1461 1347 1211 1405 1725 1639 1432 1311 1348 1600 1542 1680 1678 1883 1889 1250 1085 1187 1136 1241 1446 1402 1397 1675 1896 1099 888 1017 702 1098 970 904 917 901 967 1031 1000 993 946 1094 1111 1186 1233 1109 1257 774 932 1082 761 872 899 818 875 860 826 1116 1122 1050 995 1006 995 1263 1277 763 719 745 664 595 536 613 726 712 685 814 1440 1518 1288 1491 1358 1611 1518 1193 1189 1082 495 607 544 349 361 400 445 676 565 327 635 0 529 346 726 409 618 852 1008 891 743 870 873 980 557 787 816 849 771 1086 1320 1475 1698 1712 1010 1319 1417 718
1846 2153 2195 1988 1092 1195 1267 1279 1004 1284 1217 1129 1267 1366 1356 1533 1419 1283 1507 1823 1743 1550 1433 1431 1679 1630 1753 1754 1977 1962 1321 1156 1259 1207 1278 1517 1481 1479 1765 1973 1171 960 1088 785 1139 1080 1213 1124 977 1051 1161 1305 1333 1275 1424 1441 1453 1532 1441 1585 1146 1307 1428 1173 1128 983 894 990 938 985 1301 1198 1122 1071 1091 1083 1348 1354 848 944 824 762 851 895 920 1107 1082 1078 1191 1606 1689 1490 1578 1567 1693 1590 1516 1513 1468 778 788 503 453 659 762 740 1022 615 492 639 560 0 308 337 875 961 1143 1309 1190 504 694 489 700 314 299 487 520 745 956 1180 1509 1734 1627 1091 1357 1451 807
1757 2064 2106 1899 951 1053 1125 1137 862 1195 1128 1040 1178 1277 1267 1444 1330 1194 1418 1734 1654 1461 1344 1342 1590 1541 1664 1665 1888 1873 1232 1067 1170 1118 1224 1428 1392 1390 1676 1884 1082 871 999 696 1159 991 1124 1035 888 962 1072 1216 1244 1186 1335 1352 1364 1443 1352 1496 1026 1186 1339 1074 1039 894 805 901 849 896 1212 1109 1033 982 1001 994 1259 1265 759 855 735 673 762 801 831 987 961 957 1070 1517 1600 1401 1489 1478 1604 1501 1427 1424 1347 636 647 361 311 530 642 619 902 473 506 659 369 303 0 571 685 841 1023 1175 1048 409 599 543 684 219 570 619 638 604 861 1086 1520 1744 1695 1112 1367 1462 827
2108 2416 2457 2251 1355 1457 1529 1541 1266 1546 1479 1392 1529 1628 1618 1795 1681 1545 1769 2085 2005 1812 1695 1693 1942 1893 2015 2017 2239 2225 1584 1419 1521 1470 1469 1780 1743 1741 2027 2236 1433 1223 1351 1023 1330 1342 1475 1386 1239 1313 1423 1567 1595 1537 1687 1704 1716 1795 1703 1848 1408 1569 1690 1435 1391 1246 1157 1252 1200 1247 1563 1460 1385 1334 1353 1345 1611 1616 1110 1207 1087 1024 1113 1157 1183 1370 1344 1340 1453 1869 1952 1752 1841 1829 1956 1853 1779 1775 1730 1040 1051 765 715 922 1025 1002 1285 877 683 516 786 332 550 0 1102 1224 1406 1571 1452 766 956 827 1038 576 613 446 676 1008 1218 1443 1318 1543 1406 1059 1286 1380 998
1585 1927 1969 1762 994 1194 1230 1298 1148 1058 990 903 1041 1139 1130 1306 1192 1056 1251 1570 1449 1277 1157 1193 1446 1387 1526 1523 1728 1736 1095 930 1033 981 1087 1291 1248 1242 1520 1742 944 734 862 527 995 632 703 634 574 680 797 799 793 745 893 910 986 1032 909 1056 573 732 882 456 586 542 659 517 664 468 915 838 822 726 808 806 1073 1122 486 363 430 318 304 187 255 507 502 382 590 1239 1318 1088 1290 1157 1432 1330 992 988 870 541 666 708 629 495 274 439 489 730 588 938 418 845 661 1042 0 725 774 966 957 920 1021 1188 1131 818 1102 1132 1165 926 1266 1466 1381 1604 1649 1078 1212 1323 941
1589 2361 2428 2222 377 536 612 659 564 1343 1248 1325 1463 1522 1414 1581 1411 1275 1692 1659 1643 1737 1579 1653 1905 1847 1985 1983 2055 2196 1547 1382 1485 1433 1542 1743 1670 1694 1980 2201 1380 1186 1314 1108 1498 944 878 891 949 1048 1005 974 967 920 1068 1028 1160 1139 1004 1081 748 844 758 742 846 916 1034 1001 1075 1007 1090 1108 1169 1101 1183 1181 1267 1333 1151 927 1095 983 969 851 837 546 632 557 495 1100 1281 1123 1268 1183 1437 1334 842 886 585 390 290 535 632 453 507 359 322 507 959 1156 671 967 817 1175 716 0 241 384 287 799 748 1102 1010 814 1225 1254 1287 438 821 879 1856 2078 2124 1580 1699 1797 1287
1427 2199 2298 2091 516 676 752 798 703 1212 1118 1195 1333 1391 1283 1451 1280 1144 1561 1497 1489 1606 1449 1522 1775 1716 1855 1852 1893 2065 1417 1252 1354 1303 1412 1613 1540 1564 1849 2071 1249 1056 1184 1101 1368 814 747 760 819 917 874 843 837 789 937 897 1030 977 842 919 617 713 596 612 715 786 903 871 945 877 959 978 1038 970 1052 1051 1124 1196 1035 796 991 896 948 835 707 415 502 426 364 910 1091 961 1093 1021 1275 1172 652 724 424 572 532 763 819 635 689 468 329 742 1141 1338 853 1149 999 1357 765 205 0 220 263 1002 980 1305 1214 1031 1407 1436 1469 680 1022 1019 1725 1948 1993 1574 1569 1667 1469
1552 2323 2518 2302 553 712 789 835 740 1433 1339 1416 1553 1612 1504 1672 1501 1365 1782 1622 1613 1827 1669 1743 1995 1937 2048 2073 2017 2286 1638 1473 1575 1524 1633 1834 1760 1785 2070 2291 1470 1276 1405 1322 1589 1035 968 981 1039 1138 1095 1064 1058 1010 1132 1040 1212 1101 967 1044 838 897 720 833 936 1007 1124 1092 1165 1098 1180 1199 1259 1191 1273 1272 1248 1320 1256 1017 1212 1117 1169 1056 928 636 723 647 585 854 978 1035 1049 1098 1312 1296 725 848 551 738 642 833 984 801 854 633 527 812 1306 1503 1019 1311 1154 1518 958 349 210 0 193 1096 1050 1399 1308 1112 1544 1601 1634 769 1092 1056 1946 2169 2214 1795 1789 1887 1634
1670 2441 2562 2355 425 584 661 707 612 1476 1382 1459 1597 1656 1548 1715 1545 1409 1826 1740 1731 1871 1713 1787 2039 1981 2119 2117 2135 2329 1681 1516 1619 1567 1676 1877 1804 1828 2114 2335 1513 1320 1448 1340 1632 1078 1012 1025 1083 1181 1138 1108 1101 1054 1201 1158 1294 1219 1085 1162 882 978 838 876 980 1050 1168 1135 1209 1141 1224 1242 1303 1235 1317 1315 1366 1438 1300 1061 1255 1161 1201 1084 971 680 766 690 629 1025 1149 1173 1220 1236 1483 1414 864 966 666 623 522 706 858 686 739 591 531 685 1191 1388 904 1184 1027 1392 949 252 253 182 0 970 923 1273 1181 985 1418 1474 1507 643 966 928 1989 2212 2258 1812 1833 1931 1519
2012 2357 2399 2192 832 877 949 854 686 1488 1421 1333 1471 1570 1560 1737 1623 1487 1711 2027 1909 1754 1637 1635 1876 1818 1956 1954 2159 2166 1525 1360 1463 1411 1517 1721 1678 1672 1951 2172 1375 1164 1292 989 1458 1185 1116 1134 1181 1255 1246 1216 1219 1161 1310 1327 1396 1443 1325 1471 988 1149 1301 1036 1083 1164 1098 1194 1142 1189 1334 1347 1326 1275 1294 1287 1515 1558 1052 1148 1028 966 1055 1058 1078 949 924 919 1033 1648 1726 1496 1699 1566 1860 1757 1401 1397 1312 549 574 287 430 499 722 580 864 399 882 1043 764 498 388 706 925 804 1008 1101 975 0 239 335 317 266 554 802 813 427 501 725 1811 2034 2049 1434 1655 1753 1197
2137 2548 2589 2383 731 775 847 633 584 1678 1607 1524 1661 1760 1750 1927 1770 1634 1901 2217 2034 1944 1827 1825 2066 2008 2146 2144 2349 2357 1716 1551 1653 1602 1707 1912 1868 1863 2141 2362 1565 1354 1483 1179 1648 1310 1240 1258 1312 1414 1371 1341 1343 1286 1435 1452 1521 1568 1450 1596 1113 1274 1426 1161 1208 1289 1288 1368 1332 1379 1459 1471 1517 1465 1485 1477 1640 1697 1242 1295 1219 1156 1245 1183 1203 1074 1048 1044 1157 1773 1851 1621 1824 1691 1985 1882 1526 1522 1354 648 638 412 555 624 847 705 989 520 1073 1233 899 688 578 896 1050 777 1009 1078 952 234 0 430 267 457 653 985 899 326 279 503 2002 2224 2239 1624 1845 1943 1388
2184 2492 2533 2327 1081 1125 1197 1035 934 1622 1555 1468 1605 1704 1694 1871 1757 1621 1845 2161 2081 1888 1771 1769 2010 1952 2090 2088 2293 2301 1660 1495 1597 1546 1651 1856 1812 1807 2085 2306 1509 1298 1427 1123 1592 1418 1423 1441 1315 1389 1499 1524 1526 1468 1618 1634 1704 1751 1633 1779 1296 1457 1609 1344 1391 1322 1232 1328 1276 1323 1639 1536 1461 1409 1429 1421 1687 1692 1186 1282 1163 1100 1189 1233 1258 1257 1231 1227 1340 1939 2017 1804 1913 1778 2032 1929 1709 1705 1620 857 881 595 630 807 1030 888 1172 707 982 1129 898 469 522 767 1212 1111 1315 1409 1283 330 416 0 225 401 236 568 477 676 652 906 1946 2168 2111 1533 1789 1887 1297
2223 2633 2674 2467 973 1018 1089 865 827 1763 1694 1608 1746 1845 1835 2012 1856 1720 1986 2302 2120 2029 1912 1910 2151 2093 2231 2229 2434 2442 1801 1635 1738 1687 1792 1996 1953 1948 2226 2447 1650 1439 1567 1264 1733 1396 1327 1345 1398 1501 1457 1428 1430 1372 1521 1538 1607 1654 1536 1682 1199 1360 1513 1248 1295 1376 1373 1455 1417 1464 1545 1558 1601 1550 1570 1562 1726 1783 1327 1382 1304 1241 1330 1270 1290 1160 1135 1131 1244 1859 1938 1708 1910 1777 2071 1968 1612 1608 1523 760 785 498 641 711 933 791 1076 610 1158 1318 985 680 663 978 1136 1015 1219 1313 1186 312 253 218 0 542 447 779 659 568 436 714 2087 2309 2322 1709 1930 2028 1473
1860 2168 2209 2003 935 1038 1110 1072 847 1298 1231 1144 1281 1380 1370 1547 1433 1297 1521 1837 1757 1564 1447 1445 1686 1628 1766 1764 1969 1977 1336 1171 1273 1222 1327 1532 1488 1483 1761 1982 1185 974 1103 799 1268 1094 1187 1138 991 1065 1175 1288 1290 1232 1381 1398 1467 1514 1396 1542 1059 1220 1373 1107 1143 998 908 1004 952 999 1315 1212 1136 1085 1105 1097 1363 1368 862 958 839 776 865 909 934 1020 995 991 1104 1615 1693 1503 1589 1454 1708 1605 1472 1468 1383 620 631 346 295 515 728 651 936 458 693 853 574 308 198 516 877 861 1079 1159 1033 261 428 391 537 0 460 612 631 588 719 943 1622 1844 1859 1244 1465 1563 1008
2107 2415 2456 2250 1304 1349 1421 1259 1158 1545 1478 1391 1528 1627 1617 1794 1680 1544 1768 2084 2004 1811 1694 1692 1933 1875 2013 2011 2216 2224 1583 1418 1520 1469 1574 1779 1735 1730 2008 2229 1432 1221 1350 1046 1438 1341 1474 1385 1238 1312 1422 1566 1594 1536 1686 1702 1715 1794 1702 1846 1407 1568 1689 1434 1390 1245 1155 1251 1199 1246 1562 1459 1384 1332 1352 1344 1610 1615 1109 1205 1086 1023 1112 1156 1181 1368 1343 1339 1452 1862 1940 1750 1836 1701 1955 1852 1778 1774 1729 1015 1026 740 690 909 1024 1001 1284 852 791 938 821 278 549 553 1136 1223 1405 1553 1427 549 640 229 442 459 0 409 341 899 873 1129 1808 2030 1918 1343 1651 1749 1106
2146 2454 2495 2289 1395 1498 1570 1582 1307 1584 1517 1430 1567 1666 1656 1833 1719 1583 1807 2123 2043 1850 1733 1731 1972 1914 2052 2050 2255 2263 1622 1457 1559 1508 1613 1818 1774 1769 2047 2268 1471 1260 1389 1085 1551 1380 1513 1424 1277 1351 1461 1605 1633 1575 1725 1741 1754 1833 1741 1885 1446 1607 1728 1473 1429 1284 1194 1290 1238 1285 1601 1498 1423 1371 1391 1383 1649 1654 1148 1244 1125 1062 1151 1195 1220 1407 1382 1378 1491 1901 1979 1789 1875 1740 1994 1891 1817 1813 1768 1081 1091 806 756 960 1063 1040 1323 918 904 919 860 474 608 386 1175 1262 1444 1609 1493 801 968 561 774 615 403 0 274 1048 1135 1412 1537 1761 1620 1437 1502 1600 1218
2140 2448 2489 2282 1389 1492 1563 1462 1301 1578 1511 1423 1561 1660 1650 1827 1713 1577 1801 2117 2037 1844 1727 1725 1966 1908 2046 2044 2249 2257 1615 1450 1553 1502 1607 1811 1768 1762 2041 2262 1465 1254 1382 1079 1548 1374 1507 1418 1271 1345 1455 1599 1627 1569 1718 1735 1747 1826 1735 1879 1440 1601 1722 1467 1423 1278 1188 1284 1232 1279 1595 1492 1416 1365 1385 1377 1643 1648 1142 1238 1118 1056 1145 1189 1214 1401 1376 1372 1485 1895 1973 1783 1869 1734 1987 1884 1810 1807 1762 1074 1085 800 749 953 1056 1034 1317 912 991 1090 854 499 602 616 1169 1255 1437 1603 1487 795 885 469 654 609 335 264 0 1042 1000 1277 1771 1995 1854 1556 1736 1834 1320
2013 2589 2630 2424 435 434 552 537 270 1578 1483 1560 1698 1757 1649 1816 1646 1510 1912 2084 1878 1939 1814 1855 2107 2049 2187 2185 2390 2398 1757 1592 1694 1643 1748 1953 1905 1904 2182 2403 1606 1395 1524 1220 1689 1180 1113 1126 1184 1283 1240 1209 1202 1155 1303 1320 1395 1442 1319 1466 983 1141 1211 977 1081 1151 1269 1236 1310 1242 1325 1343 1404 1336 1418 1416 1502 1568 1270 1166 1252 1184 1169 1052 1076 950 925 920 948 1554 1727 1497 1700 1567 1861 1758 1295 1339 1039 432 422 269 449 519 723 581 749 304 1071 1242 793 740 583 947 917 462 704 785 659 422 297 666 563 541 890 1030 1063 0 410 609 2043 2265 2271 1665 1886 1984 1429
2354 2810 2851 2645 790 765 832 536 536 1918 1824 1786 1923 2022 1989 2157 1986 1851 2133 2424 2218 2160 2039 2076 2328 2270 2408 2406 2611 2619 1978 1813 1915 1864 1969 2174 2130 2125 2403 2624 1827 1616 1745 1442 1910 1520 1453 1466 1525 1623 1580 1549 1543 1496 1643 1660 1736 1783 1659 1806 1324 1482 1594 1318 1421 1492 1546 1577 1588 1583 1665 1684 1744 1676 1734 1723 1842 1908 1491 1506 1473 1411 1500 1393 1417 1291 1265 1261 1331 1930 2068 1838 2041 1907 2201 2098 1672 1722 1421 772 763 610 790 859 1064 922 1156 645 1335 1495 1134 950 840 1158 1258 869 1071 1140 1014 496 265 644 431 717 864 1125 999 393 0 411 2264 2486 2501 1886 2107 2205 1650
2387 3034 3076 2869 677 439 505 209 366 2118 2023 2010 2148 2246 2189 2356 2186 2050 2358 2457 2418 2384 2264 2300 2553 2494 2633 2631 2835 2843 2202 2037 2140 2088 2194 2398 2355 2349 2628 2849 2051 1841 1969 1666 2135 1719 1653 1666 1724 1823 1780 1749 1742 1695 1843 1826 1935 1936 1802 1879 1523 1642 1555 1517 1621 1691 1771 1776 1812 1782 1865 1883 1944 1876 1958 1947 2042 2108 1716 1706 1698 1636 1709 1592 1616 1344 1430 1354 1293 1892 2025 1920 2065 1981 2234 2131 1633 1683 1383 972 962 809 989 1058 1263 1120 1186 844 1559 1720 1333 1175 1065 1382 1457 893 1032 1069 941 720 490 896 709 942 1120 1403 1277 593 364 0 2488 2711 2726 2110 2332 2430 1874
1884 2192 2233 2027 2149 2349 2385 2453 2298 1322 1255 1168 1305 1404 1394 1571 1457 1321 1545 1861 1781 1498 1471 1469 1710 1652 1790 1788 1993 2001 1015 1025 1094 936 854 828 1303 1127 1494 1603 1209 999 1127 873 676 1111 1244 1155 1008 1082 1192 1336 1364 1306 1456 1472 1492 1571 1472 1616 1212 1399 1459 1285 1160 1015 933 1021 969 1048 1339 1233 1161 1110 1129 1121 1387 1392 1175 1259 1152 1089 1179 1222 1248 1451 1387 1423 1534 1639 1718 1527 1613 1478 1732 1629 1548 1544 1725 1706 1831 1797 1658 1646 1586 1603 1690 1839 1121 991 1477 1504 1471 1274 1372 1861 1730 1951 1995 1808 1998 1942 2083 1618 1809 1533 1767 2039 2260 2485 0 226 307 516 420 309 726
2108 2281 2323 2116 2373 2574 2609 2677 2522 1547 1479 1392 1467 1628 1619 1795 1681 1545 1705 2021 2005 1498 1509 1629 1800 1811 1913 1878 2088 2090 1015 1095 1253 936 1024 828 1303 1127 1494 1603 1333 1223 1351 1098 809 1335 1468 1379 1232 1306 1416 1560 1589 1531 1680 1697 1716 1795 1696 1841 1436 1624 1683 1510 1384 1239 1157 1245 1193 1272 1564 1457 1385 1334 1353 1345 1611 1617 1400 1483 1376 1314 1403 1447 1472 1675 1611 1647 1758 1863 1942 1752 1837 1703 1956 1853 1772 1768 1949 1930 2055 2021 1883 1870 1810 1828 1915 2063 1345 1217 1701 1728 1696 1500 1596 2085 1954 2175 2219 2032 2222 2166 2307 1842 2033 1759 1993 2263 2484 2709 223 0 200 740 553 392 950
2158 2429 2470 2263 2423 2623 2659 2727 2536 1596 1529 1442 1579 1678 1668 1845 1731 1595 1819 2135 2055 1645 1656 1743 1947 1926 2060 2025 2235 2238 1162 1242 1368 1083 1128 976 1450 1274 1642 1750 1480 1272 1401 1147 953 1385 1518 1429 1282 1356 1466 1610 1638 1580 1730 1746 1766 1845 1746 1890 1485 1673 1733 1559 1434 1289 1206 1295 1243 1322 1613 1507 1435 1384 1403 1395 1661 1666 1449 1533 1426 1363 1452 1496 1522 1725 1661 1697 1808 1913 1991 1801 1887 1752 2006 1903 1822 1818 1999 1980 2105 2036 1903 1890 1860 1877 1964 2083 1394 1265 1719 1622 1672 1368 1646 2135 2004 2225 2269 2056 2246 2117 2328 1866 1924 1627 1861 2278 2508 2733 306 198 0 790 698 539 1000
1737 2044 2086 1879 1897 2097 2133 2201 1972 1175 1108 1020 1158 1257 1247 1424 1309 1174 1398 1714 1633 1441 1324 1322 1563 1504 1643 1641 1846 1853 954 878 946 840 706 1106 1249 1091 1536 1644 1062 851 979 599 551 964 1096 1008 860 934 1044 1189 1217 1159 1308 1325 1344 1423 1325 1469 1064 1252 1312 1138 1012 867 785 874 822 900 1192 1085 1013 962 981 974 1239 1245 930 1026 906 844 933 977 1002 1303 1239 1275 1387 1492 1570 1380 1466 1331 1584 1481 1400 1396 1577 1453 1569 1471 1338 1326 1340 1406 1543 1518 702 628 1058 1086 1088 1021 1126 1628 1583 1804 1847 1482 1672 1582 1757 1292 1391 1464 1612 1713 1934 2159 515 737 783 0 394 488 308
1732 2039 2081 1874 1996 2197 2233 2301 2145 1170 1103 1015 1153 1252 1242 1419 1304 1169 1393 1709 1628 1430 1319 1317 1558 1499 1638 1636 1841 1848 948 873 941 835 701 811 1236 1078 1477 1585 1057 846 974 693 291 958 1091 1003 855 929 1039 1184 1212 1154 1303 1320 1339 1418 1320 1464 1059 1247 1307 1133 1007 862 780 868 817 895 1187 1080 1008 957 976 969 1234 1240 1023 1107 999 937 1026 1070 1095 1298 1234 1270 1382 1487 1565 1375 1461 1326 1579 1476 1395 1391 1572 1554 1678 1644 1506 1494 1433 1451 1538 1686 968 877 1324 1351 1319 1244 1219 1708 1578 1799 1842 1655 1846 1790 1930 1466 1656 1503 1737 1887 2108 2332 417 551 687 379 0 184 574
1826 2079 2120 1914 2090 2291 2327 2395 2240 1264 1197 1110 1247 1346 1336 1513 1399 1263 1487 1803 1723 1295 1307 1411 1597 1594 1710 1675 1886 1888 812 892 1036 733 796 626 1100 924 1292 1400 1131 940 1069 815 440 1053 1186 1097 950 1024 1134 1278 1306 1248 1398 1414 1434 1513 1414 1558 1153 1341 1401 1227 1102 957 874 963 911 990 1281 1175 1103 1052 1071 1063 1329 1334 1117 1201 1094 1031 1120 1164 1190 1393 1329 1365 1476 1581 1659 1469 1555 1420 1674 1571 1490 1486 1667 1648 1773 1739 1600 1588 1528 1545 1632 1781 1062 971 1418 1446 1413 1339 1314 1803 1672 1893 1936 1750 1940 1884 2025 1560 1751 1598 1832 1981 2202 2426 307 389 525 473 161 0 668
1710 2018 2060 1853 1606 1765 1841 1888 1667 1149 1081 994 1132 1231 1221 1397 1283 1148 1342 1662 1575 1368 1248 1284 1537 1478 1617 1615 1819 1827 923 846 915 809 675 1075 1218 1060 1504 1613 1035 825 953 410 501 922 1066 976 831 896 1014 1154 1174 1126 1274 1291 1316 1395 1291 1438 1032 1225 1275 1009 983 831 755 839 789 854 1148 1055 986 932 942 931 1199 1213 732 839 714 652 740 787 814 1240 1152 1210 1323 1466 1544 1354 1440 1305 1558 1455 1374 1370 1551 1169 1284 1186 1053 1041 1135 1121 1369 1234 418 600 774 801 804 937 932 1343 1519 1690 1575 1192 1359 1290 1468 1006 1097 1209 1327 1407 1602 1861 725 948 993 260 568 666 0
