141 4
6070 2070 1245 765 1875 2430 5540 4100 5635 3930 2525 6075 6820 8775 2680 1375 1250 4895 95 2040 4300 4060 8375 5205 4935 5565 20 11210 895 3540 8920 13035 5 9745 4380 4125 4695 8835 6705 9330 7380 1695 9010 5515 2795 8705 6295 7420 7760 7105 6960 7660 2850 340 6065 2655 8320 3115 420 165 1130 945 1030 1375 3630 555 3830 3900 245 565 165 395 80 1905 1105 1945 1715 85 7505 1455 910 10845 1575 340 815 155 2490 4515 3285 4120 50 100 3295 5390 50 6565 1695 2895 8435 5550 6150 10345 9280 12680 7400 8870 11625 8090 6655 5775 6580 9285 4595 15 80 10875 4335 5060 2600 3905 1150 8075 2765 4110 6645 3055 4795 1710 4840 725 835 7940 7790 5640 4315 2255 8250 4915 290 660 5645
0 183 111 243 440 355 482 556 716 714 606 492 460 639 418 578 510 764 734 828 678 636 597 702 739 699 463 619 808 735 657 770 699 1103 1208 1295 1153 1278 1243 1128 1247 1052 1073 930 1208 966 991 1057 1160 1173 1171 902 899 726 884 780 1316 1207 1352 1369 1793 1573 1594 1433 1254 1222 1461 1741 1625 1667 1960 1898 1865 1733 1842 1485 1476 1513 1716 1684 1688 1264 1424 1494 1326 1364 1674 1123 910 1027 1338 1321 1204 1419 1372 847 1039 762 1226 1472 1397 1435 1456 1510 1066 1095 1228 1243 1279 1287 1210 1361 1235 1134 1356 1027 870 1080 965 900 789 1112 1256 1208 1076 1302 1109 991 1201 990 939 1575 1589 1688 1708 1430 1478 1474 1583 1564 1625
181 0 112 247 317 348 392 461 621 619 511 397 364 544 280 438 357 668 638 732 587 540 507 611 648 603 373 528 718 645 566 680 608 1012 1117 1204 1063 1188 1152 1037 1157 962 983 839 1118 875 900 966 1070 1082 1081 812 808 635 794 689 1225 1116 1261 1278 1703 1483 1503 1342 1164 1132 1370 1650 1534 1576 1869 1807 1775 1642 1751 1394 1385 1422 1625 1594 1598 1174 1333 1403 1236 1274 1584 1032 819 937 1247 1230 1113 1328 1281 757 949 671 1135 1381 1306 1345 1361 1415 975 1004 1138 1153 1188 1197 1120 1270 1145 1043 1266 937 779 990 870 804 694 1017 1160 1112 980 1206 1013 896 1105 894 844 1484 1498 1593 1613 1339 1387 1384 1493 1468 1529
109 112 0 284 422 397 464 493 653 651 543 429 396 576 354 514 456 700 670 764 660 572 579 684 721 635 445 601 766 718 639 752 681 1085 1190 1277 1136 1261 1225 1110 1230 1034 1055 912 1191 948 973 1039 1142 1155 1153 884 881 708 866 762 1298 1189 1334 1351 1775 1556 1576 1415 1236 1204 1443 1723 1607 1649 1942 1880 1847 1715 1824 1467 1458 1495 1698 1666 1671 1247 1406 1476 1308 1347 1656 1105 892 1010 1320 1303 1186 1401 1354 830 1022 744 1208 1454 1379 1417 1393 1447 1048 1077 1211 1215 1261 1269 1193 1343 1218 1081 1338 1009 852 1063 902 836 726 1049 1192 1144 1012 1238 1045 928 1137 926 876 1557 1571 1625 1645 1412 1460 1457 1565 1500 1561
230 238 276 0 205 116 406 602 769 720 611 498 527 707 332 490 399 768 738 832 751 640 632 774 796 703 387 643 834 808 730 843 771 1176 1281 1367 1226 1351 1316 1201 1320 1125 1146 1003 1281 1038 1064 1130 1233 1246 1244 975 971 799 957 852 1389 1280 1425 1442 1866 1646 1667 1506 1327 1295 1534 1814 1698 1739 2033 1971 1938 1805 1914 1557 1549 1586 1789 1757 1761 1337 1496 1567 1399 1437 1747 1196 982 1100 1411 1394 1277 1492 1445 920 1112 835 1299 1544 1470 1508 1461 1515 1139 1167 1285 1283 1352 1360 1283 1434 1308 1149 1429 1100 942 1153 970 904 794 1117 1260 1212 1080 1306 1113 996 1205 994 944 1648 1662 1693 1713 1503 1550 1547 1634 1568 1629
427 308 413 203 0 205 270 621 747 726 588 514 597 731 351 414 293 746 715 800 651 570 526 674 712 671 281 507 781 708 630 743 671 1076 1181 1267 1126 1251 1216 1101 1220 1025 1046 903 1181 938 964 1030 1133 1146 1144 875 871 699 857 752 1289 1180 1325 1342 1766 1546 1567 1406 1227 1195 1434 1714 1598 1639 1933 1871 1838 1705 1814 1457 1449 1486 1689 1657 1661 1237 1396 1467 1299 1337 1647 1096 882 1000 1311 1294 1177 1392 1345 820 1012 735 1199 1444 1370 1408 1438 1492 1039 1067 1201 1216 1252 1260 1183 1334 1208 1107 1329 1000 842 1053 947 882 771 1094 1238 1190 1057 1284 1091 973 1183 972 921 1548 1562 1670 1690 1403 1450 1447 1556 1546 1607
343 339 389 114 204 0 476 703 870 821 711 599 628 808 432 590 474 869 838 933 832 741 707 855 893 804 462 713 934 889 811 924 852 1257 1362 1448 1307 1432 1397 1282 1401 1206 1227 1084 1362 1120 1145 1211 1314 1327 1325 1056 1052 880 1038 933 1470 1361 1506 1523 1947 1727 1748 1587 1408 1376 1615 1895 1779 1820 2114 2052 2019 1886 1995 1638 1630 1667 1870 1838 1842 1418 1577 1648 1480 1518 1828 1277 1063 1181 1492 1475 1358 1573 1526 1001 1193 916 1380 1625 1551 1589 1561 1615 1220 1248 1382 1383 1433 1441 1364 1515 1389 1250 1510 1181 1023 1234 1070 1005 894 1217 1361 1313 1180 1407 1214 1096 1306 1095 1044 1729 1743 1793 1813 1584 1631 1628 1735 1669 1730
541 396 469 404 269 462 0 476 508 540 405 366 559 668 395 278 292 560 520 604 420 383 256 447 483 487 134 257 561 489 410 523 452 856 961 1048 907 1032 996 881 1001 805 826 683 962 719 744 810 913 926 924 655 652 479 637 533 1069 960 1105 1122 1546 1327 1347 1186 1007 975 1214 1494 1378 1420 1713 1651 1618 1486 1595 1238 1229 1266 1469 1437 1442 1018 1177 1247 1079 1118 1427 876 663 781 1091 1074 957 1172 1125 601 793 515 979 1225 1150 1188 1259 1313 819 848 982 997 1032 1040 964 1114 989 887 1109 780 623 834 768 667 592 915 1059 1011 878 1105 873 794 1004 793 742 1328 1342 1452 1506 1183 1231 1228 1336 1328 1404
586 452 484 600 620 693 483 0 220 176 163 175 171 201 269 315 406 313 281 428 541 295 404 517 427 332 389 619 463 639 661 774 702 1106 1211 1298 1157 1282 1246 1131 1251 1056 1077 934 1212 969 994 1060 1164 1177 1175 906 902 729 888 783 1320 1211 1355 1372 1797 1577 1598 1437 1258 1226 1458 1620 1612 1670 1831 1902 1865 1604 1713 1356 1347 1384 1587 1555 1560 1199 1347 1481 1198 1236 1548 1127 878 902 1210 1201 1083 1290 1243 719 911 570 1097 1343 1089 1256 1003 1057 937 944 828 825 1075 1159 1082 1232 1107 691 1228 672 720 869 512 446 336 659 803 755 622 848 655 538 748 536 486 1343 1451 1235 1255 1301 1349 1346 1177 1111 1171
746 612 644 768 745 861 568 213 0 285 330 381 301 239 437 418 513 226 133 283 573 327 473 510 450 363 474 704 363 534 746 755 787 1191 1296 1383 1242 1367 1332 1217 1336 1141 1162 1019 1297 1054 1079 1146 1249 1262 1260 991 895 815 973 868 1405 1296 1440 1458 1706 1662 1599 1522 1343 1232 1291 1453 1445 1521 1664 1752 1698 1437 1546 1189 1180 1217 1420 1388 1393 1032 1180 1314 1031 1069 1381 1176 772 735 1043 1034 916 1123 1076 552 742 399 930 1176 918 1085 832 886 770 773 656 654 903 992 915 1065 940 520 1061 501 548 698 341 275 165 488 631 583 451 677 484 367 576 365 315 1172 1279 1064 1084 1134 1182 1176 1005 939 1000
744 610 642 719 724 812 547 169 225 0 176 262 339 343 388 397 492 274 255 402 554 308 453 530 439 345 453 683 436 621 725 816 767 1171 1276 1363 1221 1346 1311 1196 1315 1120 1141 998 1276 1034 1059 1125 1228 1241 1239 970 967 794 952 847 1384 1275 1420 1437 1847 1641 1662 1501 1322 1290 1432 1594 1586 1662 1805 1893 1839 1578 1687 1330 1321 1358 1561 1529 1534 1173 1321 1455 1171 1210 1522 1191 859 876 1184 1175 1057 1264 1217 693 885 544 1071 1317 1063 1230 977 1031 911 918 802 799 1048 1133 1056 1206 1081 665 1201 646 694 843 486 420 310 633 777 729 596 822 629 512 721 510 460 1317 1424 1209 1229 1275 1323 1320 1151 1085 1145
636 502 534 609 587 702 409 157 270 169 0 223 319 352 278 259 355 329 299 394 470 229 291 450 359 265 316 546 396 572 587 701 629 1033 1138 1225 1084 1209 1173 1058 1178 983 1004 860 1139 896 921 987 1091 1103 1101 833 829 656 815 710 1246 1137 1282 1299 1723 1504 1524 1363 1185 1153 1391 1568 1555 1597 1779 1828 1796 1552 1661 1304 1295 1332 1535 1503 1508 1146 1295 1424 1146 1184 1496 1053 811 850 1158 1149 1031 1238 1191 667 859 537 1045 1291 1108 1254 1021 1075 885 914 846 843 1093 1107 1030 1180 1055 710 1176 691 689 888 530 465 354 677 821 773 641 867 674 556 766 555 505 1361 1408 1253 1274 1249 1297 1294 1195 1129 1190
522 388 420 497 513 590 386 169 321 255 219 0 277 364 166 138 263 381 350 444 487 252 308 499 408 316 280 523 446 622 564 677 606 1010 1115 1202 1061 1186 1150 1035 1155 959 980 837 1116 873 898 964 1067 1080 1078 809 806 633 791 687 1223 1114 1259 1276 1700 1481 1501 1340 1161 1129 1368 1618 1532 1574 1829 1805 1772 1602 1711 1354 1345 1382 1585 1554 1558 1171 1331 1401 1196 1234 1546 1030 817 900 1208 1199 1082 1288 1241 717 909 587 1096 1341 1159 1305 1073 1127 935 964 898 895 1144 1157 1080 1230 1105 761 1226 742 739 939 582 516 406 729 873 825 692 918 725 608 817 606 556 1413 1458 1305 1325 1299 1347 1344 1247 1181 1241
489 355 388 526 596 619 568 167 296 332 314 257 0 194 257 376 393 423 391 538 669 434 489 673 582 488 474 704 585 770 746 859 788 1192 1297 1384 1242 1367 1332 1217 1336 1141 1162 1019 1297 1055 1080 1146 1249 1262 1260 991 988 815 973 868 1405 1296 1441 1458 1882 1662 1683 1522 1343 1311 1550 1730 1714 1755 1941 1987 1954 1714 1823 1466 1457 1494 1697 1665 1669 1309 1457 1583 1307 1345 1658 1212 998 1012 1320 1310 1193 1400 1353 828 1021 680 1207 1453 1199 1366 1113 1167 1047 1054 937 935 1184 1268 1191 1342 1216 801 1337 782 829 979 622 556 446 769 912 864 732 958 765 648 857 646 596 1452 1560 1345 1365 1411 1459 1455 1286 1220 1281
669 535 567 705 730 799 671 195 233 335 346 344 184 0 379 498 516 361 329 476 690 444 589 628 567 480 577 807 523 708 849 929 890 1294 1399 1486 1345 1470 1435 1320 1439 1244 1265 1122 1400 1157 1182 1249 1352 1365 1363 1094 1068 918 1076 971 1508 1399 1543 1561 1921 1765 1786 1625 1446 1414 1506 1668 1660 1736 1879 1967 1913 1652 1761 1404 1395 1432 1635 1603 1608 1247 1395 1529 1245 1284 1596 1315 946 950 1258 1248 1131 1338 1291 767 959 618 1145 1391 1137 1304 1051 1105 985 992 876 873 1122 1206 1130 1280 1155 739 1275 720 767 917 560 494 384 707 850 802 670 896 703 586 795 584 534 1391 1498 1283 1303 1349 1397 1394 1224 1158 1219
448 272 346 330 349 423 396 263 376 380 274 146 248 377 0 198 135 436 405 500 542 308 363 554 464 371 277 578 501 678 619 733 661 1065 1170 1257 1116 1241 1205 1090 1210 1015 1036 892 1171 928 953 1019 1123 1135 1133 865 861 688 847 742 1278 1169 1314 1331 1755 1536 1556 1395 1217 1185 1423 1673 1587 1629 1885 1860 1828 1657 1766 1409 1401 1438 1641 1609 1613 1227 1386 1456 1251 1289 1602 1085 872 956 1264 1254 1137 1344 1297 772 964 642 1151 1396 1214 1360 1128 1182 991 1019 953 950 1200 1212 1135 1286 1160 816 1281 798 794 995 637 572 461 784 928 880 747 973 781 663 873 661 611 1468 1514 1360 1380 1355 1402 1399 1302 1236 1297
607 430 505 488 412 581 296 308 358 390 255 132 367 496 195 0 147 417 386 479 491 249 274 531 441 350 140 482 480 602 523 637 565 969 1074 1161 1020 1145 1109 994 1114 919 940 797 1075 832 857 923 1027 1040 1038 769 765 592 751 646 1183 1074 1218 1235 1660 1440 1460 1300 1121 1089 1328 1608 1491 1533 1826 1765 1732 1599 1708 1351 1342 1379 1582 1551 1555 1131 1290 1360 1193 1231 1541 989 776 894 1204 1188 1070 1285 1238 714 906 621 1093 1338 1196 1302 1109 1163 932 961 934 931 1146 1154 1077 1227 1102 798 1223 779 736 947 618 553 442 765 909 861 728 955 762 644 854 643 592 1441 1456 1341 1361 1296 1344 1341 1283 1217 1278
536 348 448 397 292 460 310 399 453 485 351 257 384 513 135 130 0 513 482 568 567 339 364 591 530 439 154 505 570 625 546 660 588 992 1097 1184 1043 1168 1132 1017 1137 942 963 819 1098 855 880 946 1050 1062 1060 792 788 615 774 669 1205 1096 1241 1258 1682 1463 1483 1322 1144 1112 1350 1630 1514 1556 1849 1787 1755 1622 1731 1374 1365 1402 1605 1573 1578 1154 1313 1383 1216 1254 1563 1012 799 917 1227 1210 1093 1308 1261 737 929 651 1115 1361 1286 1324 1205 1259 955 984 1030 1027 1168 1177 1100 1250 1125 893 1246 874 759 970 714 648 538 861 1005 957 824 1050 857 740 949 738 688 1464 1478 1437 1457 1319 1367 1364 1379 1313 1373
794 660 692 767 744 860 567 307 165 267 325 361 413 358 433 394 495 0 128 197 415 269 408 303 242 176 473 628 199 383 700 604 636 1145 1250 1337 1196 1321 1286 1171 1290 1095 1116 973 1251 1008 1033 1100 1203 1216 1214 945 744 767 927 821 1359 1250 1394 1412 1624 1616 1517 1476 1297 1141 1209 1371 1363 1439 1582 1670 1616 1355 1464 1107 1098 1135 1338 1306 1311 950 1098 1232 948 987 1299 1059 622 653 961 952 834 1041 994 470 662 340 848 1094 978 1057 891 945 688 717 716 713 901 910 833 983 858 580 978 561 492 703 400 335 224 547 691 643 511 737 544 426 636 425 375 1197 1211 1124 1144 1052 1100 1097 1065 999 1060
763 629 661 736 714 829 536 274 73 248 295 330 381 326 402 363 464 121 0 176 524 296 442 411 351 288 443 673 231 416 714 637 669 1160 1265 1352 1211 1336 1300 1185 1305 1110 1131 988 1266 1023 1048 1114 1218 1231 1229 960 776 783 942 837 1374 1265 1409 1426 1620 1631 1513 1491 1312 1146 1205 1367 1359 1435 1578 1666 1612 1351 1460 1103 1094 1131 1334 1302 1307 946 1094 1228 945 983 1295 1090 654 649 957 948 830 1037 990 466 658 330 844 1090 849 1016 763 817 684 704 588 585 834 906 829 979 854 451 975 432 479 629 272 206 96 419 563 515 382 608 415 298 507 296 246 1103 1207 995 1015 1048 1096 1093 936 871 931
872 745 777 845 811 945 603 433 287 407 407 457 543 481 512 491 581 206 180 0 405 287 427 296 257 195 542 546 132 246 618 467 499 1053 1158 1244 1103 1228 1193 1078 1197 1002 1023 880 1158 915 919 1007 1110 1123 1121 836 607 646 834 700 1266 1157 1302 1319 1439 1485 1332 1383 1190 965 1024 1186 1178 1254 1397 1485 1431 1170 1279 922 913 950 1153 1122 1126 765 913 1047 764 802 1114 909 484 468 776 767 649 869 815 285 477 173 663 910 834 873 868 922 503 532 599 659 716 725 648 798 673 463 794 401 307 518 358 225 232 524 694 620 487 713 448 403 639 427 377 1012 1026 1100 1120 867 915 912 1021 976 1037
702 558 631 720 615 784 409 535 513 547 466 467 660 687 539 468 516 408 516 394 0 325 306 166 189 342 378 352 351 278 424 384 466 870 975 1062 921 1046 1010 895 1015 820 841 697 976 733 758 824 928 940 939 670 625 492 652 545 1083 974 1119 1136 1527 1341 1361 1200 1022 990 1111 1291 1265 1341 1503 1572 1536 1275 1384 1027 1019 1056 1259 1227 1231 852 1019 1134 869 907 1220 890 517 574 882 872 755 962 915 390 582 305 769 1014 940 978 1071 1188 609 637 771 786 822 830 753 904 778 677 899 570 412 623 577 457 544 798 983 886 746 980 662 662 955 744 663 1118 1132 1241 1296 973 1020 1017 1126 1117 1194
665 532 564 639 568 732 391 289 267 301 225 232 425 441 305 226 321 262 279 275 314 0 194 328 237 146 299 501 276 453 569 615 611 1015 1120 1207 1065 1190 1155 1040 1159 964 985 842 1120 878 903 969 1072 1085 1083 814 811 638 796 692 1228 1119 1264 1281 1701 1485 1506 1345 1166 1134 1286 1449 1440 1516 1660 1747 1694 1433 1542 1185 1176 1213 1416 1384 1389 1027 1176 1309 1026 1065 1377 1035 691 731 1039 1029 912 1119 1072 548 740 418 926 1172 1097 1135 1019 1073 766 795 844 841 979 987 911 1061 936 707 1056 664 570 781 528 462 352 675 818 770 638 864 671 554 763 552 502 1275 1289 1251 1271 1130 1178 1175 1192 1126 1187
643 499 572 629 524 693 296 397 413 446 287 288 480 587 360 251 346 401 425 415 294 186 0 339 249 294 287 369 409 485 508 613 567 971 1076 1163 1021 1146 1111 996 1115 920 941 798 1076 834 859 925 1028 1041 1039 770 767 594 752 648 1184 1075 1220 1237 1661 1441 1462 1301 1122 1090 1318 1520 1472 1535 1731 1766 1733 1504 1613 1256 1248 1284 1487 1456 1460 1060 1235 1341 1098 1136 1448 991 724 786 1097 1080 962 1190 1143 619 811 534 998 1243 1169 1207 1164 1218 838 866 989 986 1051 1059 982 1132 1007 853 1128 799 641 852 673 608 497 820 964 916 784 1010 817 699 909 698 647 1347 1361 1396 1416 1201 1249 1246 1338 1272 1333
726 582 654 744 639 807 433 510 450 522 446 479 663 625 551 508 539 296 404 284 154 320 324 0 131 230 402 376 207 219 448 389 440 894 999 1086 945 1070 1034 919 1039 843 864 721 1000 757 782 848 951 964 962 693 579 515 675 569 1107 998 1143 1160 1467 1364 1359 1224 1045 976 1051 1253 1205 1281 1465 1513 1480 1237 1346 989 981 1018 1221 1189 1193 793 968 1074 831 869 1182 894 457 519 830 813 696 924 877 352 544 267 731 976 902 940 1033 1150 571 599 733 748 784 792 715 866 740 639 861 532 374 585 539 419 499 760 945 848 708 941 624 624 910 699 625 1080 1094 1203 1258 935 982 979 1088 1079 1156
763 619 692 781 676 844 470 420 390 432 355 389 572 564 461 418 513 236 343 245 177 229 233 123 0 169 439 413 234 252 485 442 474 931 1036 1123 982 1107 1071 956 1076 880 901 758 1037 794 819 885 988 1001 999 730 613 552 713 606 1144 1035 1180 1197 1501 1402 1393 1261 1082 1010 1085 1287 1239 1315 1498 1546 1514 1271 1380 1023 1014 1051 1254 1223 1227 826 1002 1108 865 903 1215 928 491 553 864 847 729 957 910 386 578 301 765 1010 936 974 1067 1169 604 633 767 782 818 826 749 899 774 672 895 566 408 619 573 446 448 771 915 866 734 960 658 650 859 648 598 1113 1128 1237 1292 968 1016 1013 1122 1113 1190
729 595 627 702 669 795 492 326 303 338 261 296 478 477 368 327 422 169 280 183 331 139 278 222 169 0 400 532 184 343 627 533 565 1072 1177 1264 1123 1248 1212 1097 1217 1022 1043 900 1178 935 960 1026 1130 1143 1141 872 704 694 854 747 1286 1177 1321 1338 1591 1543 1484 1403 1224 1100 1176 1356 1330 1406 1567 1637 1601 1340 1449 1092 1084 1120 1323 1292 1296 917 1084 1199 934 972 1285 1018 581 639 947 937 820 1027 979 455 647 325 834 1079 1005 1043 1052 1105 674 702 769 829 887 895 818 969 843 633 964 571 477 688 518 384 384 707 851 803 671 897 618 586 796 585 535 1183 1197 1284 1304 1037 1085 1082 1191 1159 1220
509 365 438 385 279 448 154 382 414 446 312 273 465 574 277 123 137 466 426 529 400 292 247 428 463 395 0 350 531 470 391 504 433 837 942 1029 888 1013 977 862 982 786 807 664 943 700 725 791 894 907 905 636 633 460 618 514 1050 941 1086 1103 1527 1307 1328 1167 988 956 1195 1475 1359 1401 1694 1632 1599 1467 1576 1219 1210 1247 1450 1418 1422 998 1158 1228 1060 1098 1408 857 644 762 1072 1055 938 1153 1106 581 774 496 960 1206 1131 1169 1166 1220 800 829 962 978 1013 1021 944 1095 969 854 1090 761 604 815 675 609 499 822 965 917 785 1011 818 701 910 699 649 1309 1323 1398 1418 1164 1212 1208 1317 1273 1334
677 533 606 640 506 699 253 613 644 676 542 503 695 805 575 459 487 639 656 620 360 493 353 454 474 529 329 0 577 504 297 475 421 825 930 1017 876 1001 965 850 970 775 796 652 912 688 713 779 883 895 894 625 621 448 607 502 1038 929 1074 1091 1516 1296 1316 1155 977 945 1183 1463 1347 1389 1687 1620 1588 1501 1610 1253 1244 1281 1484 1452 1457 987 1146 1216 1095 1133 1397 845 632 750 1060 1043 926 1187 1140 616 808 530 994 1240 1165 1203 1297 1414 834 863 997 1012 1047 1056 979 1129 1004 902 1125 796 638 849 803 683 729 1024 1196 1112 972 1205 888 887 1141 929 879 1343 1357 1467 1522 1198 1246 1243 1352 1343 1420
881 754 786 854 821 954 627 483 383 456 416 466 605 543 521 500 590 219 251 120 360 296 413 210 238 204 551 570 0 237 643 458 490 1043 1148 1235 1094 1219 1183 1068 1188 993 1014 871 1149 906 931 997 1101 1114 1112 843 597 637 825 691 1257 1148 1292 1309 1485 1514 1378 1374 1195 994 1069 1247 1223 1299 1458 1531 1492 1231 1340 983 974 1011 1214 1182 1187 811 974 1092 824 863 1175 912 475 529 837 827 710 930 876 346 538 249 724 971 895 933 982 1036 564 593 692 742 777 785 709 859 734 555 854 494 368 579 451 317 346 638 808 734 601 827 541 511 753 541 491 1073 1087 1197 1234 928 976 973 1081 1073 1149
927 779 852 935 830 1011 622 656 551 637 589 639 786 724 694 673 746 400 432 263 385 470 502 235 269 360 591 565 253 0 475 275 321 859 993 1069 912 1038 1002 884 1002 838 831 692 975 725 756 816 918 936 927 656 414 456 662 509 1071 976 1115 1133 1355 1338 1193 1201 1012 845 885 1171 1035 1111 1372 1345 1317 1239 1367 1015 1027 981 1222 1190 1195 617 793 903 689 774 1031 719 290 373 654 638 520 938 884 305 452 285 718 979 914 955 1041 1118 578 614 750 801 788 798 719 872 749 625 868 535 392 593 513 380 449 713 901 846 688 938 607 592 859 649 587 1087 1104 1205 1272 938 996 993 1091 1084 1160
700 556 629 718 613 782 400 639 671 703 568 529 722 831 601 485 514 656 683 563 378 546 470 405 441 587 356 292 520 436 0 312 328 736 841 928 787 912 877 762 881 686 707 564 716 599 624 691 794 807 805 536 528 299 509 313 950 841 985 1003 1427 1207 1228 1067 888 856 1095 1375 1259 1300 1598 1532 1499 1444 1553 1196 1187 1224 1427 1395 1400 898 1057 1127 973 1058 1305 757 510 628 938 921 804 1130 1083 559 737 473 937 1183 1108 1146 1240 1357 777 806 940 955 990 999 922 1072 947 845 1068 739 581 792 745 625 712 967 1151 1054 915 1148 831 830 1124 912 832 1286 1300 1410 1465 1141 1189 1186 1295 1286 1363
866 718 790 874 768 949 560 799 759 820 725 702 884 932 757 662 684 608 640 471 388 618 617 392 446 536 529 479 461 236 316 0 252 700 834 911 753 879 843 726 843 679 672 533 817 567 597 657 759 778 768 497 388 297 503 350 913 817 956 974 1403 1179 1199 1042 853 862 969 1255 1119 1195 1456 1429 1401 1323 1495 1191 1166 1065 1397 1366 1370 701 877 987 773 858 1115 718 311 465 738 721 604 1113 1059 407 553 462 802 1154 1089 1130 1216 1326 753 789 925 976 963 973 894 1047 924 823 1043 711 567 768 721 588 657 921 1109 1054 893 1146 805 800 1067 857 795 1263 1280 1381 1447 1113 1171 1168 1267 1259 1335
796 648 720 804 698 879 490 729 805 793 655 632 814 917 687 591 614 654 687 517 480 637 593 458 492 582 459 445 508 282 370 249 0 609 743 819 662 788 752 634 752 588 581 442 726 475 506 566 668 687 677 389 198 231 412 284 821 726 865 883 1312 1088 1107 951 762 724 884 1169 1034 1109 1370 1344 1315 1238 1410 1157 1080 979 1392 1361 1365 616 792 901 688 773 1030 580 226 380 653 636 519 1108 1054 430 576 508 717 1142 1124 1110 1251 1361 787 823 960 1011 997 939 860 1017 894 850 1021 737 594 794 762 634 704 968 1156 1090 919 1182 831 846 1113 903 841 1231 1248 1349 1427 1082 1140 1134 1233 1293 1369
1169 1021 1093 1177 1071 1252 863 1102 1187 1166 1028 1005 1187 1290 1060 965 987 1126 1156 1038 853 1010 966 876 913 1053 832 818 987 836 750 718 568 0 250 271 123 247 222 157 250 173 109 363 479 234 378 325 302 350 312 473 676 524 591 570 484 375 529 547 976 752 762 615 417 534 685 900 810 826 1123 1057 1024 1147 1268 1105 1137 1047 1439 1395 1412 668 828 804 794 879 986 493 685 678 759 742 620 1209 1155 846 812 955 818 1243 1223 1198 1354 1554 924 1046 1250 1254 1123 1037 960 1114 988 1218 1117 1111 953 1060 1138 1100 1180 1359 1553 1427 1287 1520 1203 1312 1575 1379 1307 1327 1341 1450 1516 1181 1229 1224 1332 1393 1477
1330 1182 1255 1338 1232 1413 1024 1263 1348 1327 1190 1167 1348 1451 1222 1126 1149 1287 1317 1200 1014 1171 1127 1038 1075 1214 993 980 1148 998 912 880 729 243 0 289 226 344 378 313 405 369 331 554 679 324 499 391 355 403 365 635 837 685 782 732 537 428 581 599 1028 805 815 667 470 586 737 952 862 878 1176 1109 1077 1200 1321 1157 1221 1186 1492 1448 1464 830 983 856 955 1041 1039 589 847 840 921 904 782 1371 1301 1007 974 1116 980 1404 1384 1359 1516 1716 1085 1207 1411 1416 1284 1198 1121 1275 1149 1379 1279 1272 1115 1221 1299 1261 1341 1521 1715 1588 1448 1682 1365 1473 1737 1541 1468 1488 1502 1611 1677 1343 1391 1385 1494 1554 1638
1389 1241 1313 1397 1291 1472 1083 1322 1407 1386 1248 1225 1407 1510 1280 1185 1207 1346 1375 1258 1073 1230 1186 1096 1133 1273 1052 1038 1207 1056 970 938 788 267 210 0 191 159 290 301 393 393 370 583 703 402 576 468 432 480 442 693 896 744 811 790 614 505 659 677 1106 882 892 744 547 664 814 1030 940 955 1253 1187 1154 1277 1398 1235 1299 1264 1569 1525 1542 888 1048 934 1014 1099 1116 667 905 898 979 962 840 1429 1375 1066 1032 1175 1038 1463 1443 1418 1574 1774 1144 1265 1470 1474 1343 1256 1180 1333 1208 1437 1337 1331 1173 1280 1358 1320 1400 1579 1773 1647 1507 1740 1423 1532 1795 1599 1527 1547 1561 1670 1736 1401 1449 1444 1552 1612 1697
1227 1079 1152 1235 1129 1310 921 1160 1245 1224 1087 1064 1245 1348 1119 1023 1046 1184 1214 1097 911 1068 1024 935 972 1111 890 877 1045 895 809 777 626 120 181 170 0 166 183 118 210 232 222 421 541 267 436 334 298 346 308 532 734 582 650 629 480 371 524 542 971 748 758 610 413 529 680 895 805 821 1119 1052 1020 1143 1264 1100 1164 1105 1435 1391 1407 727 886 799 852 938 982 532 744 737 818 801 679 1268 1214 904 871 1013 877 1301 1281 1256 1413 1613 982 1104 1308 1313 1181 1095 1018 1172 1046 1276 1176 1169 1012 1118 1196 1158 1238 1418 1612 1485 1345 1579 1262 1370 1634 1438 1365 1385 1399 1508 1574 1240 1288 1282 1391 1451 1535
1354 1205 1278 1361 1256 1437 1048 1286 1372 1351 1213 1190 1372 1475 1245 1149 1172 1311 1340 1223 1037 1195 1151 1061 1098 1238 1017 1003 1171 1021 935 903 753 243 299 141 162 0 157 233 303 358 347 548 667 385 560 452 416 464 426 658 861 708 776 755 598 489 642 660 1090 866 876 728 531 647 798 1014 924 939 1237 1171 1138 1261 1382 1218 1283 1232 1553 1509 1526 853 1012 917 979 1064 1100 650 870 863 944 927 805 1394 1340 1031 997 1140 1003 1428 1407 1382 1539 1739 1109 1230 1434 1439 1308 1221 1144 1298 1173 1402 1302 1296 1138 1245 1322 1284 1365 1544 1738 1612 1472 1705 1388 1497 1760 1564 1491 1511 1525 1635 1701 1366 1414 1408 1517 1577 1662
1326 1177 1250 1333 1228 1409 1020 1258 1344 1323 1185 1162 1344 1447 1217 1121 1144 1283 1312 1195 1009 1167 1123 1033 1070 1210 989 975 1144 993 907 875 725 223 337 272 173 151 0 144 180 281 325 520 639 391 534 482 454 502 464 630 833 680 748 727 636 527 681 699 1128 904 914 767 569 686 837 1052 962 978 1275 1209 1176 1299 1420 1257 1293 1204 1591 1547 1564 825 985 956 951 1036 1138 650 842 835 916 899 777 1366 1312 1003 969 1112 975 1400 1379 1355 1511 1711 1081 1202 1407 1411 1280 1193 1116 1270 1145 1374 1274 1268 1110 1217 1294 1256 1337 1516 1710 1584 1444 1677 1360 1469 1732 1536 1463 1483 1497 1607 1673 1338 1386 1380 1489 1549 1634
1200 1052 1125 1208 1102 1283 894 1133 1218 1197 1060 1036 1218 1321 1092 996 1019 1157 1187 1070 884 1041 997 908 945 1084 863 850 1018 868 782 750 599 158 277 279 113 229 129 0 133 136 247 394 514 265 409 356 394 442 404 505 707 555 623 602 576 467 620 639 1068 844 854 706 509 581 776 992 902 917 1215 1149 1116 1239 1360 1197 1168 1078 1525 1487 1498 700 859 862 825 911 1078 524 717 710 791 774 652 1241 1187 877 843 986 850 1274 1254 1229 1386 1585 955 1077 1281 1286 1154 1068 991 1145 1019 1249 1149 1142 985 1091 1169 1131 1211 1391 1585 1458 1318 1552 1235 1343 1606 1411 1338 1358 1372 1481 1547 1213 1261 1255 1364 1424 1508
1318 1170 1243 1326 1220 1401 1012 1251 1336 1315 1178 1154 1336 1439 1210 1114 1137 1275 1305 1187 1002 1159 1115 1025 1063 1202 981 968 1136 985 900 868 717 254 368 370 204 298 175 130 0 244 356 512 632 383 527 474 485 533 495 622 825 673 741 720 667 558 712 730 1159 935 945 797 600 699 868 1083 993 1009 1306 1240 1207 1330 1451 1288 1286 1196 1622 1578 1595 818 977 980 943 1028 1169 642 835 828 909 892 769 1359 1305 995 961 1104 968 1392 1372 1347 1503 1703 1073 1195 1399 1404 1272 1186 1109 1263 1137 1367 1266 1260 1102 1209 1287 1249 1329 1509 1703 1576 1436 1670 1352 1461 1724 1529 1456 1476 1490 1599 1665 1331 1379 1373 1482 1542 1626
1160 1011 1084 1167 1062 1243 854 1092 1178 1157 1019 996 1178 1280 1051 955 978 1117 1146 1029 843 1001 957 867 904 1044 823 809 977 827 741 709 559 172 338 368 227 352 266 133 243 0 210 354 473 225 368 315 417 436 426 464 667 514 582 561 570 461 614 632 1061 838 857 700 512 540 779 995 904 920 1218 1152 1119 1242 1363 1199 1127 1038 1484 1453 1457 659 818 821 785 870 1052 484 676 669 750 733 611 1200 1146 837 803 946 809 1234 1213 1188 1345 1545 915 1036 1240 1245 1114 1027 950 1104 979 1208 1108 1102 944 1051 1128 1090 1171 1350 1544 1418 1278 1511 1194 1303 1566 1370 1297 1317 1331 1441 1507 1172 1220 1214 1323 1383 1468
1154 1006 1079 1162 1056 1237 848 1087 1172 1151 1014 990 1172 1275 1046 950 973 1111 1141 1024 838 995 951 862 899 1038 817 804 972 822 736 704 553 104 289 350 220 346 317 245 344 178 0 345 433 148 368 288 246 299 289 458 661 509 582 556 433 324 477 495 925 701 724 563 379 496 647 862 772 788 1085 1019 986 1109 1230 1067 1122 1032 1401 1357 1374 654 813 766 779 865 948 465 671 664 745 728 606 1195 1141 831 797 940 804 1228 1208 1183 1339 1539 909 1031 1235 1240 1108 1022 945 1099 973 1203 1103 1096 939 1045 1123 1085 1165 1345 1539 1412 1272 1506 1188 1297 1560 1365 1292 1312 1326 1435 1501 1167 1215 1209 1318 1378 1462
1016 868 941 1024 919 1100 711 949 1034 1014 876 853 1035 1137 908 812 835 974 1003 886 700 858 814 724 761 901 680 666 834 684 598 566 415 370 506 562 421 546 510 395 515 320 341 0 410 270 238 337 462 481 471 263 405 371 238 396 614 506 659 677 1106 883 882 745 537 541 780 1020 930 945 1243 1177 1144 1237 1388 1155 1048 959 1405 1374 1378 580 739 807 706 791 990 432 564 590 671 654 532 1121 1067 758 724 802 730 1155 1134 1109 1266 1466 836 957 1161 1166 1035 948 871 1025 900 1129 1029 1023 865 972 1049 947 1028 1271 1462 1339 1199 1432 1115 1160 1437 1227 1154 1238 1252 1362 1428 1093 1141 1135 1244 1304 1389
1300 1152 1224 1308 1202 1383 994 1233 1318 1297 1159 1136 1318 1421 1191 1096 1118 1257 1287 1169 984 1141 1097 1007 1044 1184 963 925 1118 944 729 821 699 473 657 687 546 671 635 520 640 444 429 389 0 440 503 531 633 651 642 577 688 597 465 482 785 676 830 848 1277 1053 1072 915 727 755 994 1210 1120 1136 1433 1367 1334 1457 1578 1415 1343 1253 1700 1668 1672 875 1034 1036 1000 1085 1268 699 847 884 965 948 826 1416 1362 1052 1018 1086 1024 1449 1429 1404 1560 1760 1130 1252 1456 1460 1329 1243 1166 1320 1194 1424 1323 1317 1159 1266 1344 1231 1311 1561 1746 1633 1493 1726 1409 1443 1720 1510 1438 1533 1547 1656 1722 1388 1435 1430 1539 1599 1683
1043 895 968 1051 945 1126 738 976 1061 1041 903 880 1062 1164 935 839 862 1001 1030 913 727 885 841 751 788 928 707 693 861 711 625 593 442 238 277 365 256 377 388 273 392 197 143 239 430 0 269 199 233 252 242 348 551 398 496 445 386 277 430 448 877 654 683 516 338 424 605 820 730 746 1044 977 945 1068 1189 1025 1011 922 1360 1316 1332 543 702 705 669 754 907 368 560 553 634 617 495 1084 1030 721 687 829 693 1118 1097 1072 1229 1429 799 920 1124 1129 998 911 834 988 863 1092 992 985 828 935 1012 974 1055 1234 1428 1301 1162 1395 1078 1187 1450 1254 1181 1201 1215 1325 1390 1056 1104 1098 1207 1267 1351
1067 919 992 1075 969 1150 762 1000 1085 1065 927 904 1086 1188 959 863 886 1025 1054 932 751 909 865 775 812 952 731 717 885 731 649 617 466 385 470 558 436 561 525 410 530 334 366 230 490 268 0 122 276 329 447 186 415 422 375 469 590 481 472 557 965 791 667 625 322 325 579 805 714 730 1028 962 929 1052 1173 1009 957 867 1314 1282 1287 489 648 606 614 700 838 268 506 499 580 563 441 1030 976 666 633 825 639 1063 1043 1018 1175 1374 744 866 1070 1075 943 857 780 934 808 1038 938 931 774 880 958 985 1065 1180 1374 1247 1107 1341 1024 1138 1396 1265 1180 1147 1161 1270 1336 1002 1050 1044 1153 1213 1297
1133 985 1058 1141 1035 1216 827 1066 1151 1130 993 969 1151 1254 1025 929 952 1090 1120 1002 817 974 930 841 878 1017 796 783 951 785 715 683 532 328 362 450 340 462 477 362 482 287 284 329 519 200 110 0 153 206 339 285 514 488 474 535 482 369 349 434 842 668 544 502 199 259 466 682 592 607 905 839 806 929 1050 886 951 824 1221 1177 1194 463 604 549 635 720 768 211 559 580 600 572 539 1129 1030 765 731 919 738 1162 1142 1117 1273 1473 843 965 1169 1174 1042 956 879 1033 907 1137 1037 1030 872 979 1057 1064 1144 1279 1473 1346 1206 1440 1122 1237 1494 1344 1271 1246 1260 1369 1435 1101 1149 1143 1252 1312 1396
1218 1070 1142 1226 1120 1301 912 1151 1236 1215 1078 1054 1236 1339 1110 1014 1037 1175 1205 1087 902 1059 1015 925 963 1102 881 868 1036 885 800 767 617 309 343 431 322 443 473 411 500 372 243 414 604 207 264 142 0 135 245 438 668 573 628 620 443 299 389 423 881 657 584 491 239 355 506 722 632 647 945 879 846 969 1090 926 991 956 1261 1217 1234 616 758 625 788 874 808 365 713 728 754 725 669 1191 1070 895 861 1004 868 1264 1272 1247 1403 1603 973 1095 1299 1304 1172 1086 1009 1163 1037 1267 1166 1160 1002 1109 1187 1149 1229 1409 1603 1476 1336 1570 1252 1361 1624 1428 1356 1376 1390 1499 1565 1231 1278 1273 1382 1442 1526
1253 1105 1178 1261 1156 1337 948 1186 1271 1251 1113 1090 1272 1374 1145 1049 1072 1211 1240 1123 937 1095 1051 961 998 1138 917 903 1071 921 835 803 652 353 387 475 366 487 517 455 544 407 308 449 640 242 317 194 131 0 200 491 721 608 681 655 328 183 288 306 765 541 484 374 139 388 406 622 532 547 845 779 746 869 990 826 891 856 1161 1117 1134 669 727 525 841 927 708 418 766 763 807 778 705 1091 970 931 897 1039 903 1164 1307 1282 1439 1639 1009 1130 1334 1339 1208 1121 1044 1198 1073 1302 1202 1196 1038 1145 1222 1184 1265 1444 1638 1511 1372 1605 1288 1397 1660 1464 1391 1411 1425 1535 1601 1266 1314 1308 1417 1477 1561
1256 1108 1180 1264 1158 1339 950 1189 1274 1253 1116 1092 1274 1377 1148 1052 1075 1213 1243 1125 940 1097 1053 963 1001 1140 919 905 1074 923 838 805 655 319 353 442 332 453 483 421 510 410 285 452 642 244 424 316 241 190 0 560 763 611 708 658 357 229 395 413 849 626 674 481 339 523 607 822 732 748 1046 979 947 1070 1191 1027 1091 1056 1362 1317 1334 756 915 726 881 966 909 526 773 766 846 830 707 1292 1171 933 899 1042 905 1330 1310 1285 1441 1641 1011 1133 1337 1342 1210 1124 1047 1201 1075 1305 1204 1198 1040 1147 1225 1187 1267 1447 1641 1514 1374 1608 1290 1399 1662 1466 1394 1414 1428 1537 1603 1269 1316 1311 1420 1480 1564
967 819 891 975 869 1050 661 900 985 964 826 803 985 1088 858 763 785 924 954 836 651 808 764 674 711 851 630 616 785 634 548 516 366 461 566 652 511 636 601 486 605 410 431 255 564 323 174 280 433 482 529 0 280 322 277 368 674 565 627 710 985 931 809 774 481 331 570 874 734 800 1098 1031 999 1067 1225 985 878 789 1235 1203 1208 410 569 603 535 621 820 232 412 420 501 484 362 951 897 588 554 746 560 985 964 939 1096 1296 666 787 991 996 864 778 701 855 730 959 859 852 695 801 879 898 978 1101 1295 1168 1028 1262 945 1059 1317 1177 1101 1068 1082 1192 1257 923 971 965 1074 1134 1218
958 810 883 966 860 1041 652 891 904 955 818 794 976 1078 850 754 777 754 786 616 631 799 755 589 623 713 621 608 607 375 532 384 180 663 768 855 714 839 803 688 808 613 634 397 675 526 404 509 662 712 732 270 0 326 364 371 877 768 856 929 1215 1134 1048 994 710 571 799 1048 953 1029 1299 1260 1228 1165 1323 1074 967 883 1324 1292 1297 548 723 822 619 705 952 471 158 312 585 568 450 1040 986 424 528 584 649 1073 1053 1028 1184 1347 754 805 938 954 953 867 790 944 818 836 948 729 572 776 756 727 803 978 1172 1045 905 1139 822 936 1194 1002 935 1157 1171 1280 1346 1012 1060 1054 1163 1223 1307
810 662 735 818 712 893 505 743 828 807 670 647 828 931 702 606 629 768 797 651 494 651 607 518 555 694 474 460 628 417 304 293 189 597 702 789 648 773 737 622 742 547 568 374 584 460 434 540 655 668 666 347 322 0 254 122 811 702 846 864 1288 1068 1080 928 741 667 906 1210 1070 1136 1434 1367 1335 1366 1524 1284 1178 1088 1532 1500 1505 710 869 939 835 920 1119 568 401 555 800 783 661 1248 1194 587 734 596 859 1284 1213 1239 1345 1462 882 911 1045 1060 1095 1078 1001 1155 1029 950 1158 843 686 897 861 741 822 1072 1256 1159 1019 1253 936 954 1231 1021 948 1368 1382 1491 1557 1223 1270 1265 1374 1391 1467
1000 852 924 1008 902 1083 694 933 1018 997 860 836 1018 1121 891 796 818 957 987 869 684 841 797 707 744 884 663 649 818 661 533 537 390 599 735 791 649 775 739 624 743 548 580 230 452 493 364 469 622 671 698 277 360 249 0 263 843 734 816 896 1251 1100 1010 960 670 597 836 1140 1000 1066 1363 1297 1264 1296 1454 1214 1107 1018 1464 1432 1437 639 798 868 765 850 1049 498 523 649 730 713 591 1180 1126 789 783 786 789 1214 1193 1168 1325 1525 895 1016 1220 1225 1094 1007 930 1084 959 1140 1088 1033 875 1031 1050 931 1011 1261 1446 1349 1209 1442 1125 1143 1420 1210 1138 1297 1311 1421 1486 1152 1200 1194 1303 1363 1447
864 716 788 872 766 947 558 797 882 861 723 700 882 985 755 660 682 821 851 705 548 705 661 571 608 748 527 513 682 470 317 347 242 651 756 843 702 827 791 676 796 600 621 388 469 514 479 584 708 721 719 392 367 117 239 0 864 755 900 917 1341 1122 1125 981 785 712 950 1255 1114 1180 1478 1412 1379 1411 1569 1329 1222 1132 1579 1547 1552 754 913 983 879 965 1163 612 455 609 845 828 706 1295 1241 641 788 650 904 1328 1267 1283 1398 1515 936 964 1098 1113 1149 1122 1045 1199 1073 1004 1203 897 739 950 914 795 875 1125 1310 1213 1073 1306 989 1007 1284 1074 1002 1412 1426 1535 1601 1267 1315 1309 1418 1444 1521
1413 1265 1338 1421 1315 1496 1107 1346 1431 1410 1273 1249 1431 1534 1305 1209 1232 1370 1400 1282 1097 1254 1210 1120 1158 1297 1076 1063 1231 1080 995 963 812 518 578 656 529 648 682 617 709 599 472 637 812 407 593 485 456 340 389 717 920 768 865 815 0 248 416 371 655 431 537 325 480 680 713 961 823 717 938 838 824 1160 1150 1128 1249 1170 1447 1403 1420 913 1034 833 1038 1123 1004 683 930 923 1004 987 864 1377 1257 1090 1056 1199 1063 1450 1478 1455 1605 1806 1181 1292 1509 1550 1370 1285 1206 1362 1239 1470 1367 1357 1214 1310 1382 1344 1424 1604 1798 1671 1531 1765 1447 1556 1819 1624 1551 1577 1594 1695 1773 1427 1485 1480 1579 1643 1723
1307 1159 1231 1314 1209 1390 1001 1240 1325 1304 1166 1143 1325 1428 1198 1102 1125 1264 1293 1176 991 1148 1104 1014 1051 1191 970 956 1125 974 888 856 706 412 472 549 423 541 575 510 603 492 365 530 706 301 486 378 314 197 243 611 814 662 759 708 247 0 197 215 673 450 476 283 337 574 569 838 700 647 909 810 796 1037 1122 1005 1126 1047 1324 1280 1297 806 890 689 932 1017 881 577 823 816 897 880 758 1254 1134 984 950 1093 956 1327 1371 1349 1498 1700 1075 1186 1403 1444 1263 1179 1100 1256 1133 1363 1261 1251 1107 1204 1275 1237 1318 1497 1691 1565 1425 1658 1341 1450 1713 1517 1445 1471 1488 1589 1666 1321 1379 1373 1472 1536 1617
1426 1278 1350 1434 1328 1509 1120 1359 1444 1423 1286 1262 1444 1547 1317 1222 1245 1383 1413 1295 1110 1267 1223 1133 1171 1310 1089 1075 1244 1093 1008 975 825 525 560 648 538 660 689 627 717 580 480 622 812 414 461 338 384 244 393 635 865 781 824 828 415 191 0 101 559 335 359 169 191 424 397 600 510 467 782 679 646 848 969 805 869 834 1140 1096 1112 719 718 516 856 947 687 517 901 874 837 838 851 1070 949 1075 1041 1212 1049 1143 1454 1429 1585 1785 1155 1276 1481 1485 1354 1267 1191 1344 1219 1446 1199 1340 1182 1289 1366 1357 1437 1588 1782 1656 1516 1749 1432 1547 1804 1636 1564 1423 1437 1547 1614 1278 1327 1427 1542 1623 1687
1444 1296 1369 1452 1346 1527 1138 1377 1462 1441 1304 1280 1462 1565 1336 1240 1263 1401 1431 1313 1128 1285 1241 1152 1189 1328 1107 1094 1262 1111 1026 994 843 544 578 666 556 678 708 645 735 598 499 640 830 433 545 423 419 297 412 720 949 799 896 846 368 209 93 0 457 233 260 67 276 509 422 617 527 425 689 586 570 864 896 822 886 851 1156 1112 1129 744 743 541 881 972 703 602 961 954 862 913 895 1086 966 1121 1087 1230 1094 1159 1498 1473 1629 1829 1199 1321 1525 1530 1398 1312 1235 1362 1237 1493 1215 1386 1228 1335 1413 1375 1455 1635 1829 1702 1562 1796 1478 1587 1850 1655 1582 1440 1454 1563 1631 1295 1343 1443 1558 1664 1703
1889 1740 1813 1896 1791 1972 1583 1821 1766 1886 1748 1725 1907 1980 1780 1684 1707 1684 1680 1499 1572 1730 1686 1530 1564 1654 1552 1538 1548 1316 1470 1435 1288 988 1022 1110 1001 1122 1152 1090 1179 1042 943 1084 1275 877 954 831 877 737 863 1049 1278 1243 1315 1290 652 667 551 450 0 223 298 404 684 790 469 485 450 302 295 216 233 547 502 742 806 771 976 791 915 806 708 486 866 957 627 840 1126 1048 847 933 1009 1007 886 1233 1199 1391 1053 1080 1584 1407 1715 1808 1251 1396 1541 1556 1484 1397 1284 1283 1158 1579 1136 1498 1340 1396 1525 1551 1632 1746 1911 1785 1674 1836 1590 1705 1962 1831 1747 1360 1374 1484 1551 1215 1264 1364 1479 1585 1624
1665 1517 1589 1673 1567 1748 1359 1598 1683 1662 1524 1501 1683 1786 1556 1461 1483 1622 1651 1491 1349 1506 1462 1372 1409 1549 1328 1314 1483 1308 1246 1214 1064 764 798 887 777 899 928 866 955 818 719 861 1051 653 780 657 653 531 639 954 1172 1020 1117 1066 428 443 327 226 208 0 154 181 511 700 477 550 463 314 501 399 391 754 709 755 819 784 1089 998 1062 799 721 499 879 970 639 805 1119 1041 860 945 1002 1019 899 1226 1192 1384 1065 1092 1596 1420 1728 1821 1264 1409 1553 1568 1496 1410 1297 1295 1171 1591 1148 1490 1333 1409 1517 1544 1624 1739 1924 1797 1666 1848 1583 1697 1955 1824 1739 1373 1387 1496 1564 1228 1276 1376 1491 1597 1637
1661 1513 1585 1669 1563 1744 1355 1594 1604 1658 1521 1497 1679 1782 1552 1457 1479 1522 1518 1337 1345 1502 1458 1368 1402 1493 1324 1310 1387 1154 1242 1210 1060 752 786 874 765 886 916 853 943 815 715 857 1047 649 655 533 578 438 672 818 1058 1016 1019 1063 534 470 351 253 279 152 0 211 386 547 323 438 350 202 428 325 309 681 635 642 706 671 977 924 950 645 609 387 767 857 527 651 965 887 747 822 848 907 786 1072 1038 1230 953 980 1450 1307 1582 1708 1152 1273 1441 1456 1350 1264 1184 1183 1058 1443 1036 1336 1179 1286 1363 1390 1471 1585 1779 1652 1512 1736 1429 1544 1801 1670 1586 1260 1275 1384 1451 1115 1164 1264 1379 1485 1524
1512 1364 1436 1520 1414 1595 1206 1445 1530 1509 1371 1348 1530 1633 1403 1308 1330 1469 1499 1381 1196 1353 1309 1219 1256 1396 1175 1161 1330 1179 1093 1061 911 611 646 734 624 746 775 713 803 666 566 708 898 500 613 491 487 365 479 787 1017 867 964 913 322 277 161 60 390 170 202 0 344 577 402 597 507 405 640 537 521 844 847 801 866 831 1136 1092 1109 724 723 521 861 952 683 670 1028 966 842 901 927 1066 945 1151 1117 1298 1112 1139 1529 1466 1661 1861 1231 1352 1536 1551 1429 1343 1266 1342 1217 1522 1195 1415 1258 1364 1442 1443 1523 1664 1858 1731 1591 1825 1508 1623 1880 1722 1650 1420 1434 1543 1611 1274 1323 1423 1538 1644 1683
1316 1168 1240 1324 1218 1399 1010 1249 1334 1313 1175 1152 1334 1437 1207 1112 1134 1273 1303 1185 1000 1157 1113 1023 1060 1200 979 965 1134 977 897 865 715 407 441 529 420 541 571 508 598 470 370 512 702 304 310 188 233 93 338 484 714 671 674 717 468 322 183 266 635 500 376 330 0 280 308 523 433 449 747 680 648 771 892 728 792 757 1063 1018 1035 583 629 427 756 842 610 367 751 730 722 693 707 993 872 931 897 1089 905 1066 1309 1284 1441 1641 1011 1132 1336 1341 1209 1123 1046 1200 1075 1302 1122 1195 1038 1144 1222 1247 1327 1444 1638 1511 1371 1605 1288 1402 1660 1526 1444 1346 1360 1470 1537 1201 1250 1310 1419 1479 1563
1331 1183 1256 1339 1233 1414 1025 1264 1272 1328 1191 1167 1349 1452 1223 1127 1150 1185 1186 1005 1015 1172 1128 1020 1054 1144 994 981 1038 806 913 881 706 523 558 646 536 658 687 587 707 511 487 533 744 421 314 248 350 342 533 375 615 686 641 733 678 569 416 499 727 690 537 563 269 0 325 616 508 541 839 773 740 863 984 820 885 744 1155 1111 1128 393 525 381 565 650 612 193 616 538 530 502 515 1085 964 739 705 897 713 1098 1118 1093 1249 1449 819 941 1145 1149 1018 932 855 1009 883 1111 1012 1004 846 953 1031 1057 1138 1252 1446 1320 1180 1413 1096 1211 1468 1337 1253 1222 1236 1345 1411 1076 1124 1119 1227 1288 1372
1535 1387 1459 1543 1437 1618 1229 1463 1296 1437 1395 1371 1553 1511 1426 1331 1354 1214 1210 1029 1132 1292 1327 1061 1094 1185 1198 1184 1079 846 1117 966 866 674 708 797 687 809 838 776 865 737 638 772 969 572 568 455 501 361 605 579 808 890 845 937 710 563 389 415 405 466 314 395 297 281 0 294 204 220 517 451 418 541 662 499 563 528 833 789 806 337 336 142 474 565 373 370 657 579 455 514 540 763 643 764 730 922 727 836 1142 1117 1274 1474 843 965 1149 1164 1042 956 879 1033 895 1135 892 1028 871 977 1055 1082 1162 1277 1471 1344 1204 1438 1121 1235 1493 1362 1277 1117 1131 1240 1308 972 1020 1120 1235 1312 1381
1827 1679 1752 1835 1729 1910 1521 1655 1488 1629 1603 1653 1765 1703 1709 1623 1646 1406 1402 1221 1324 1484 1553 1346 1380 1392 1490 1465 1282 1131 1433 1251 1151 948 1008 1086 960 1078 1112 1047 1139 1037 910 1073 1251 846 858 735 775 675 875 927 1101 1207 1193 1253 958 832 654 670 491 603 491 650 577 669 347 0 237 347 200 335 325 295 351 309 455 385 629 538 602 668 489 329 500 576 311 718 942 857 515 601 806 559 438 1023 965 1114 639 632 1180 986 1299 1368 850 995 1192 1243 1072 987 863 839 742 1222 693 1166 1099 1038 1267 1274 1354 1489 1547 1420 1380 1471 1327 1447 1705 1554 1481 919 936 1037 1116 769 828 928 1033 1143 1179
1695 1546 1619 1702 1597 1778 1389 1613 1446 1587 1554 1531 1713 1661 1586 1490 1513 1364 1360 1179 1281 1442 1477 1210 1244 1335 1358 1344 1229 996 1276 1115 1016 810 870 948 822 940 974 909 1001 899 772 935 1113 708 720 597 637 537 737 739 958 1049 1005 1096 820 693 515 532 455 468 356 512 438 513 209 183 0 212 438 446 376 436 589 403 524 421 723 679 695 487 362 140 520 611 274 530 807 729 501 586 689 653 532 913 879 1072 674 726 1216 1080 1343 1462 886 1030 1210 1261 1108 1023 919 933 798 1240 787 1180 1037 1056 1205 1232 1312 1427 1565 1438 1354 1489 1270 1385 1642 1511 1427 1013 1030 1131 1210 863 922 1022 1127 1237 1272
1729 1581 1654 1737 1631 1812 1424 1662 1522 1663 1589 1566 1747 1737 1621 1525 1548 1440 1436 1255 1357 1518 1526 1286 1320 1411 1393 1379 1304 1072 1311 1191 1092 826 886 963 837 955 989 924 1017 915 788 950 1128 723 735 612 652 552 753 805 1034 1084 1071 1131 714 640 472 430 307 319 207 410 454 546 225 294 207 0 396 297 269 546 597 513 634 555 833 789 806 563 465 243 623 713 393 596 882 804 603 689 765 763 642 989 955 1147 809 836 1351 1190 1478 1572 1020 1155 1312 1363 1243 1158 1042 1043 921 1343 897 1256 1113 1159 1281 1308 1388 1503 1667 1541 1430 1592 1346 1461 1718 1587 1503 1123 1140 1241 1320 973 1032 1132 1237 1347 1383
2015 1867 1939 2023 1917 2098 1709 1843 1676 1817 1791 1841 1953 1891 1896 1811 1833 1594 1590 1409 1511 1672 1740 1535 1572 1579 1678 1652 1470 1333 1606 1452 1353 1121 1182 1259 1133 1251 1285 1220 1312 1210 1083 1246 1424 1019 1031 908 948 848 1049 1100 1302 1380 1366 1427 935 903 786 693 299 506 432 644 750 842 520 194 330 391 0 142 181 265 224 497 643 586 689 504 628 854 690 507 701 778 512 891 1143 1058 716 802 1007 747 626 1224 1166 1302 840 820 1372 1174 1487 1556 1045 1186 1379 1430 1264 1179 1051 1027 930 1410 881 1354 1287 1226 1455 1462 1542 1676 1735 1608 1568 1659 1515 1635 1892 1741 1669 1106 1123 1224 1304 957 1016 1116 1220 1331 1366
1963 1815 1888 1971 1865 2046 1658 1896 1756 1897 1823 1800 1982 1971 1855 1759 1782 1674 1670 1489 1591 1752 1761 1520 1554 1645 1627 1613 1539 1306 1545 1425 1326 1060 1120 1197 1071 1190 1224 1158 1251 1149 1022 1185 1362 958 969 846 886 786 987 1039 1268 1318 1305 1365 835 804 687 594 224 406 333 545 688 781 459 328 370 292 138 0 98 396 355 631 760 681 820 635 759 797 699 477 796 872 607 830 1116 1038 811 897 999 881 760 1223 1189 1382 934 954 1476 1308 1603 1690 1146 1291 1492 1544 1368 1283 1168 1161 1047 1523 1015 1467 1347 1339 1515 1542 1622 1737 1848 1721 1664 1772 1580 1695 1952 1821 1737 1241 1258 1359 1438 1091 1150 1250 1355 1465 1501
1935 1787 1860 1943 1837 2018 1630 1868 1719 1860 1795 1772 1953 1934 1827 1731 1754 1637 1633 1452 1554 1715 1732 1492 1526 1617 1599 1585 1510 1278 1517 1397 1298 1032 1092 1169 1043 1161 1195 1130 1223 1121 994 1156 1334 929 941 818 858 758 959 1011 1240 1290 1277 1337 821 789 659 579 235 392 319 531 660 752 431 288 271 264 178 90 0 440 399 540 661 582 860 679 803 769 665 443 698 774 508 802 1088 1010 712 798 971 790 669 1195 1161 1345 836 863 1377 1217 1504 1599 1047 1192 1394 1445 1269 1185 1069 1070 948 1424 924 1368 1319 1240 1487 1505 1585 1708 1749 1622 1582 1673 1529 1667 1912 1785 1709 1149 1166 1268 1347 1000 1059 1159 1264 1374 1409
1789 1641 1714 1797 1691 1873 1484 1618 1451 1592 1566 1616 1727 1665 1671 1585 1608 1369 1365 1184 1286 1446 1515 1310 1347 1354 1453 1427 1244 1200 1499 1320 1220 1147 1208 1285 1159 1277 1311 1246 1338 1236 1109 1239 1450 1045 1057 934 974 874 1075 1076 1169 1350 1305 1397 1157 1031 853 869 552 759 686 849 776 868 546 289 328 541 262 388 439 0 177 272 449 454 453 261 373 736 573 529 569 645 440 917 1011 926 584 669 875 521 401 1049 1033 1076 704 594 1162 949 1261 1331 851 973 1154 1205 1051 975 831 801 710 1185 656 1129 1061 1000 1229 1236 1317 1451 1509 1383 1343 1434 1289 1410 1667 1516 1443 881 898 999 1078 731 790 890 995 1105 1141
1912 1764 1837 1920 1814 1995 1607 1740 1574 1714 1688 1739 1850 1788 1794 1708 1731 1491 1488 1307 1409 1569 1638 1432 1470 1477 1576 1550 1367 1372 1622 1491 1392 1273 1333 1410 1284 1402 1436 1371 1464 1362 1235 1397 1575 1170 1182 1059 1099 999 1200 1248 1341 1522 1477 1569 1147 1115 978 905 511 718 645 857 901 993 672 345 481 592 221 347 398 174 0 437 618 625 506 321 464 908 744 658 741 817 612 1043 1183 1098 756 841 1047 644 554 1172 1181 1199 876 717 1285 1072 1384 1453 1022 1124 1277 1328 1202 1127 983 924 875 1307 779 1252 1184 1123 1352 1359 1440 1574 1632 1506 1466 1557 1412 1533 1790 1639 1566 1004 1021 1122 1201 854 913 1013 1118 1228 1264
1561 1413 1486 1569 1463 1644 1255 1389 1222 1363 1337 1387 1499 1437 1443 1357 1380 1140 1136 955 1058 1218 1287 1081 1118 1126 1224 1199 1016 1024 1271 1203 1152 1115 1175 1252 1126 1245 1279 1213 1306 1204 1077 1173 1417 1012 1024 901 941 841 1042 1010 1102 1284 1239 1331 1125 998 820 837 757 770 657 816 743 836 514 283 295 508 494 624 528 267 419 0 211 247 418 386 391 681 518 496 498 519 385 882 943 865 529 614 820 293 143 821 830 848 476 352 927 720 1033 1102 622 731 926 977 809 734 589 573 468 956 427 900 833 772 1001 1008 1088 1223 1281 1154 1114 1205 1061 1181 1438 1288 1215 653 670 771 850 503 562 662 767 877 913
1583 1435 1508 1591 1485 1666 1277 1411 1244 1385 1359 1409 1521 1459 1465 1379 1402 1162 1158 977 1080 1240 1309 1103 1140 1147 1246 1220 1038 1027 1293 1147 1047 1179 1296 1373 1232 1358 1322 1205 1322 1158 1151 1068 1372 1045 991 1022 1062 962 1163 905 996 1179 1134 1226 1246 1119 941 958 878 891 778 938 864 957 635 404 416 629 640 752 649 444 599 196 0 243 599 567 571 667 503 617 477 445 471 868 838 760 515 596 728 402 252 843 812 870 371 290 800 667 927 1050 499 605 860 863 683 607 463 509 342 922 413 866 855 753 1012 1030 1110 1175 1187 1061 1080 1112 1027 1193 1350 1310 1237 721 738 839 918 571 630 615 714 824 904
1583 1434 1507 1590 1485 1666 1277 1411 1244 1385 1359 1409 1520 1459 1464 1378 1401 1162 1158 977 1079 1240 1308 1103 1140 1147 1246 1220 1038 942 1265 1061 962 1095 1217 1294 1148 1274 1238 1121 1239 1074 1068 984 1288 962 907 852 983 883 1084 821 911 1095 1050 1142 1167 1040 862 879 799 812 699 858 785 772 556 332 337 550 583 673 570 449 607 232 176 0 635 603 608 481 317 457 291 311 246 682 752 667 329 411 616 478 328 833 765 869 315 407 840 733 966 1116 512 654 891 912 731 647 529 575 408 922 479 866 854 737 1012 1029 1110 1214 1236 1110 1080 1161 1027 1192 1399 1309 1237 787 804 905 985 637 696 681 780 890 971
1755 1611 1684 1774 1668 1837 1455 1589 1369 1563 1540 1574 1696 1641 1646 1541 1569 1340 1336 1150 1253 1417 1478 1280 1316 1327 1411 1400 1203 1230 1460 1410 1406 1429 1463 1551 1442 1563 1593 1531 1620 1485 1392 1419 1718 1327 1332 1210 1256 1115 1360 1255 1346 1533 1470 1580 1444 1318 1132 1149 913 1088 976 1129 1052 1111 832 602 615 828 686 812 847 450 488 403 527 627 0 275 79 1001 837 812 834 907 695 1201 1189 1081 848 934 1087 482 404 1016 1015 1036 864 572 1130 900 1234 1301 865 977 1117 1132 1055 978 835 776 788 1155 629 1105 1023 973 1197 1204 1291 1430 1488 1361 1321 1412 1268 1370 1643 1491 1410 853 867 977 1044 708 757 857 972 1078 1117
1724 1579 1652 1742 1637 1805 1423 1558 1337 1531 1508 1543 1664 1610 1615 1509 1537 1308 1304 1118 1221 1385 1446 1249 1284 1296 1379 1368 1171 1199 1429 1378 1374 1385 1419 1507 1398 1519 1549 1486 1576 1447 1348 1387 1680 1282 1288 1166 1211 1071 1316 1223 1314 1501 1438 1548 1400 1274 1087 1105 728 996 923 1085 1008 1067 788 532 570 784 501 627 678 259 302 371 495 596 271 0 195 957 793 767 790 866 651 1157 1157 1049 804 890 1055 450 372 984 984 1005 832 540 1098 868 1202 1269 833 946 1085 1100 1023 946 803 744 756 1123 597 1073 992 941 1165 1172 1259 1398 1456 1329 1289 1380 1236 1338 1611 1459 1378 822 836 945 1013 676 725 825 940 1046 1085
1728 1584 1657 1746 1641 1809 1427 1562 1342 1536 1513 1547 1668 1614 1619 1513 1542 1313 1308 1122 1226 1390 1450 1253 1289 1300 1383 1373 1176 1203 1433 1382 1379 1402 1436 1524 1414 1536 1566 1503 1593 1458 1365 1391 1690 1299 1305 1182 1228 1088 1333 1227 1318 1505 1442 1553 1417 1290 1104 1122 852 1060 948 1102 1025 1084 805 575 587 801 625 751 802 370 445 376 499 600 75 156 0 974 810 784 806 879 668 1174 1161 1054 821 906 1059 455 376 989 988 1009 837 545 1102 873 1206 1274 837 950 1090 1105 1027 951 807 748 760 1128 601 1078 996 945 1170 1177 1263 1402 1460 1334 1294 1385 1241 1342 1616 1464 1383 826 840 949 1017 681 729 829 944 1050 1090
1321 1177 1250 1339 1234 1403 1021 1189 968 1162 1139 1150 1295 1241 1222 1106 1135 939 935 749 852 1017 1044 785 826 914 977 978 791 578 884 698 598 687 792 879 737 863 827 712 831 636 657 569 869 550 489 458 611 644 755 406 538 684 620 731 900 791 711 737 743 788 636 717 572 349 328 614 482 558 851 789 756 732 890 666 618 453 997 919 961 0 234 351 292 377 484 293 381 273 257 229 272 848 764 494 445 636 470 802 874 849 1006 1206 576 697 901 906 774 688 611 765 640 867 769 760 603 710 777 803 890 1009 1203 1076 936 1170 853 949 1222 1090 998 978 992 1102 1167 833 881 875 984 1044 1128
1481 1336 1409 1499 1393 1562 1180 1338 1118 1312 1289 1310 1445 1390 1382 1266 1294 1089 1084 899 1002 1166 1219 960 1001 1076 1136 1137 952 754 1057 873 774 846 951 1038 897 1022 986 871 991 795 817 729 1028 709 649 599 753 682 914 565 714 843 780 890 1031 884 710 736 645 719 607 716 618 480 326 436 357 460 687 691 652 568 726 503 454 290 834 755 797 226 0 169 157 248 277 435 556 449 138 223 429 738 600 644 571 785 409 638 892 868 1024 1224 578 687 831 846 793 706 629 776 577 869 701 819 752 687 926 953 1040 1159 1202 1075 1035 1126 982 1099 1362 1240 1148 994 1008 1118 1185 849 897 891 1000 1062 1147
1562 1414 1487 1570 1464 1645 1257 1481 1314 1455 1422 1399 1580 1529 1454 1358 1381 1232 1228 1047 1149 1310 1345 1078 1112 1203 1226 1212 1096 864 1144 983 884 794 828 916 806 928 957 868 985 792 757 799 1025 691 595 544 620 480 724 607 826 917 872 964 830 682 508 534 423 497 385 514 416 336 136 276 135 238 504 469 430 524 649 481 545 429 816 771 788 355 221 0 379 470 230 398 674 596 360 445 557 746 625 781 747 939 632 819 1115 1090 1246 1446 800 909 1053 1068 1015 928 852 998 800 1091 875 1041 888 909 1073 1100 1180 1294 1424 1297 1222 1348 1138 1253 1510 1379 1295 1099 1113 1223 1290 954 1003 1103 1218 1284 1363
1376 1231 1304 1394 1289 1457 1075 1210 989 1183 1160 1195 1316 1262 1267 1161 1189 960 956 770 873 1038 1098 856 897 948 1031 1021 823 650 956 769 670 819 924 1011 870 995 960 845 964 769 790 702 1001 682 622 630 783 816 888 538 609 816 753 863 1033 924 848 874 803 877 765 854 746 521 465 447 452 618 699 788 685 564 722 483 428 263 830 751 793 283 144 327 0 90 351 461 452 345 105 88 325 712 574 540 457 657 252 602 743 718 874 1074 428 537 681 697 643 557 480 634 508 720 637 669 643 537 807 824 911 1019 1052 925 885 976 832 979 1212 1111 1031 847 861 970 1036 701 749 744 852 913 997
1414 1270 1343 1432 1327 1495 1113 1248 1028 1221 1199 1233 1354 1300 1305 1199 1228 999 994 808 912 1076 1136 939 975 986 1069 1059 861 735 1041 855 755 905 1010 1097 955 1081 1045 930 1049 854 875 787 1087 768 707 715 868 902 973 623 695 902 838 949 1118 1009 939 965 894 968 856 945 831 606 556 523 529 708 775 865 761 640 798 504 401 283 903 827 867 368 235 418 88 0 427 546 538 430 193 173 410 725 587 625 542 695 272 566 781 756 912 1112 467 575 720 735 681 595 518 672 501 758 624 708 681 575 845 863 949 1057 1090 964 924 1015 870 1017 1251 1150 1069 885 899 1008 1074 740 788 782 891 951 1035
1749 1601 1673 1757 1651 1832 1443 1577 1410 1551 1525 1575 1687 1625 1630 1545 1567 1328 1324 1143 1245 1406 1473 1207 1240 1313 1412 1386 1204 992 1315 1112 1012 991 1051 1129 1003 1121 1155 1090 1182 1065 953 997 1278 889 847 778 818 718 918 834 962 1108 1063 1155 1001 874 696 713 637 649 537 693 619 621 383 257 263 388 509 599 496 436 594 370 399 218 705 661 678 494 287 240 361 437 0 638 803 718 376 461 667 635 514 884 825 1036 499 653 1041 980 1168 1363 711 855 1057 1108 933 848 744 819 623 1088 726 1032 1007 904 1175 1196 1276 1380 1413 1286 1246 1337 1193 1355 1575 1475 1397 995 1012 1113 1192 845 904 927 1026 1136 1217
1175 1031 1104 1193 1088 1256 874 1114 1097 1178 1043 1004 1197 1306 1076 960 989 1052 1063 878 860 1021 945 886 923 1015 830 832 892 680 752 737 563 506 560 648 539 660 646 531 650 455 461 424 686 368 256 206 359 394 536 222 467 537 474 584 681 572 509 592 776 794 642 656 363 149 361 665 525 591 888 822 789 913 1034 867 819 654 1198 1119 1161 284 422 394 465 550 629 0 446 395 430 402 398 975 928 623 574 764 597 1003 1001 976 1132 1332 702 824 1028 1033 901 815 738 892 766 996 895 889 731 838 905 932 1018 1138 1332 1205 1065 1299 981 1078 1351 1219 1126 1105 1119 1228 1294 960 1008 1002 1111 1171 1255
966 818 891 974 868 1049 661 886 780 867 819 803 984 954 858 762 785 630 662 493 555 699 732 465 499 589 630 616 483 251 511 308 208 703 808 895 753 879 843 728 847 652 673 556 834 566 505 554 707 757 771 403 148 396 499 450 916 807 893 969 1063 1108 955 1033 747 572 647 889 801 877 1140 1109 1076 1006 1164 915 808 724 1165 1133 1138 389 565 670 460 546 793 454 0 153 426 409 292 881 827 300 384 460 490 915 894 869 1026 1224 596 681 815 830 794 708 631 785 660 712 789 605 448 632 632 604 679 854 1048 921 781 1015 698 812 1070 878 811 998 1012 1122 1187 853 901 895 1004 1064 1148
1084 935 1008 1091 986 1167 778 912 745 886 860 910 1021 960 965 879 902 663 659 478 580 741 809 548 582 648 747 721 539 334 665 462 362 679 784 871 730 855 820 705 824 629 650 562 861 542 482 575 728 750 748 398 302 550 613 604 893 784 866 946 985 1030 877 959 719 494 569 804 723 799 1055 1031 998 921 1079 837 730 639 1087 1055 1060 311 480 592 376 461 708 433 145 0 341 331 214 803 749 212 230 370 412 837 816 791 948 1095 518 552 686 701 716 630 553 707 582 584 711 477 319 478 504 530 611 725 919 793 653 886 569 684 941 810 726 920 934 1044 1109 775 823 817 926 986 1070
1366 1221 1294 1384 1279 1447 1065 1200 979 1173 1150 1185 1306 1252 1257 1151 1179 950 946 760 863 1028 1081 822 863 938 1021 1010 813 615 921 735 635 785 890 977 836 961 925 810 930 734 755 667 967 648 587 595 748 782 853 504 575 782 718 829 998 889 829 855 784 858 746 835 711 486 446 462 467 598 713 803 700 579 737 514 466 301 845 766 808 248 125 308 111 197 366 426 418 310 0 84 290 750 612 505 432 647 358 650 786 761 918 1118 472 581 725 740 687 600 523 677 552 763 681 713 614 577 788 814 901 1020 1096 969 929 1020 864 960 1233 1101 1009 890 904 1014 1079 745 793 787 896 956 1040
1356 1212 1285 1374 1269 1437 1055 1190 970 1163 1141 1175 1296 1242 1247 1141 1170 941 936 750 854 1018 1064 805 846 928 1011 1001 803 598 904 718 618 768 873 960 819 944 908 793 913 717 738 651 950 631 570 566 720 753 836 487 558 765 702 812 981 872 829 906 869 943 813 894 682 458 504 547 553 684 799 889 786 664 822 599 548 383 930 851 894 219 210 393 119 204 451 398 401 293 81 0 273 764 694 495 436 637 366 717 790 766 922 1122 476 585 729 744 691 604 527 681 556 767 685 717 604 581 778 805 891 1010 1100 973 933 1024 854 950 1224 1092 999 894 908 1018 1084 749 797 791 900 960 1045
1323 1178 1251 1341 1236 1404 1022 1157 936 1130 1107 1142 1263 1209 1214 1108 1136 907 903 717 820 985 1045 848 883 895 978 968 770 680 986 800 700 830 935 1022 881 1006 970 855 975 780 801 713 1012 693 633 738 888 901 899 549 640 827 764 874 1044 935 1066 1096 1096 1170 1058 1143 919 694 753 740 745 910 991 1081 978 857 998 622 515 468 869 802 832 486 437 620 292 306 644 634 483 375 351 328 0 575 528 579 505 604 197 617 601 577 733 933 303 424 628 633 502 415 338 492 367 667 496 616 590 484 754 771 858 966 999 872 832 923 779 926 1159 1058 978 705 719 829 895 560 608 602 711 771 856
1516 1367 1440 1523 1418 1599 1210 1344 1177 1318 1292 1342 1453 1392 1397 1311 1334 1095 1091 898 1012 1173 1241 1036 1073 1080 1179 1153 951 978 1225 1157 1154 1284 1389 1476 1334 1460 1424 1309 1428 1233 1254 1166 1466 1147 1086 1140 1186 1045 1290 1002 1093 1281 1217 1328 1374 1248 1062 1079 943 1018 906 1059 982 1041 762 532 545 758 744 873 777 516 626 268 357 470 500 468 472 920 756 742 730 743 625 1092 936 829 767 845 835 0 162 764 763 784 625 282 877 648 981 1049 612 725 865 880 802 726 582 523 535 903 336 853 771 721 945 952 1038 1177 1235 1109 1069 1160 1016 1117 1391 1239 1158 601 615 725 792 456 505 604 719 825 865
1430 1282 1354 1438 1332 1513 1124 1258 1091 1232 1206 1256 1368 1306 1311 1226 1248 1009 1005 812 926 1087 1155 950 987 994 1093 1067 865 892 1139 1072 1068 1198 1273 1361 1249 1373 1338 1223 1343 1147 1168 1081 1380 1061 1000 1019 1065 925 1169 917 1007 1195 1131 1242 1254 1127 941 958 823 897 785 938 861 920 642 412 424 637 623 753 657 396 535 119 207 321 410 378 382 770 606 621 580 593 505 971 850 743 618 700 749 144 0 678 677 698 518 235 791 562 895 963 527 639 779 794 717 640 496 438 450 817 291 767 685 635 859 866 952 1091 1150 1023 983 1074 930 1031 1305 1153 1072 515 529 639 706 370 419 519 634 740 779
908 759 832 915 810 991 602 736 569 710 684 734 845 784 789 703 726 487 483 302 404 565 633 428 465 472 571 545 363 266 607 403 412 847 952 1039 898 1023 987 872 992 797 818 730 1029 710 650 755 905 917 916 566 414 582 762 636 1060 951 1067 1113 1170 1215 1062 1144 920 695 754 970 908 984 1221 1216 1183 1040 1149 792 783 805 1023 992 996 496 645 777 541 627 874 639 292 199 507 497 380 739 685 0 234 194 534 780 705 743 836 929 373 402 536 551 587 595 518 668 543 418 664 311 153 364 338 355 435 559 753 627 487 720 403 518 775 634 559 882 897 1006 1061 737 785 782 891 882 959
1087 939 1012 1095 990 1171 782 916 749 890 864 914 1025 963 969 883 906 667 663 482 584 744 813 608 645 652 751 725 542 413 753 550 558 813 918 1005 864 989 953 838 958 763 784 696 995 676 616 721 871 884 882 532 518 729 747 783 1026 918 1033 1079 1136 1181 1028 1110 886 661 720 911 874 950 1163 1182 1149 1028 1186 900 768 737 1131 1099 1103 462 587 743 473 559 815 605 376 217 448 453 346 847 793 232 0 374 479 819 689 727 820 997 358 378 498 513 561 579 502 653 527 450 656 375 291 247 478 534 615 700 821 694 616 788 543 659 916 814 730 867 881 990 1045 721 769 766 875 866 943
816 668 741 824 718 899 511 588 417 562 555 605 698 636 660 612 635 358 348 161 313 436 542 337 374 343 480 454 229 269 526 490 522 972 1077 1164 1022 1148 1112 997 1116 921 942 799 1078 835 827 926 1029 1042 1040 743 574 595 753 649 1185 1076 1221 1238 1347 1392 1240 1302 1097 873 932 1094 1086 1162 1305 1393 1339 1078 1187 830 821 858 1061 1029 1034 673 821 955 671 710 1022 817 452 376 684 674 557 777 723 193 380 0 571 818 742 780 863 917 411 440 542 589 624 633 556 706 581 405 701 344 206 417 301 203 283 518 718 615 475 708 391 385 690 479 398 920 934 1044 1098 775 823 820 928 920 996
1276 1131 1204 1294 1189 1357 975 1110 889 1083 1060 1095 1216 1162 1167 1061 1089 860 856 670 773 938 998 801 836 848 931 920 723 663 969 783 683 813 918 1005 864 989 953 838 958 762 784 696 995 676 616 721 871 883 881 532 623 810 747 857 1026 917 1049 1079 990 1064 952 1105 902 677 717 585 591 804 837 927 824 700 858 461 326 307 847 780 810 468 396 580 249 264 489 617 466 358 355 335 319 553 506 536 458 557 0 426 581 557 713 913 219 380 581 596 479 395 318 472 322 619 476 569 543 437 706 724 811 919 952 825 785 876 732 879 1112 1011 930 685 700 809 875 540 588 582 691 751 836
1524 1376 1449 1532 1427 1608 1219 1353 1186 1327 1301 1351 1462 1400 1406 1320 1343 1104 1100 906 1021 1181 1250 1045 1082 1089 1188 1162 960 987 1234 1166 1108 1238 1343 1430 1288 1414 1378 1263 1382 1187 1208 1120 1420 1101 1040 1146 1259 1118 1306 956 1047 1235 1171 1282 1447 1321 1135 1152 1017 1091 979 1132 1055 1054 835 605 618 831 817 946 850 590 699 327 245 399 573 541 545 807 643 813 608 571 644 1008 890 783 655 722 789 264 229 773 772 793 431 0 749 520 853 922 534 609 848 815 684 602 453 385 342 912 222 862 780 729 954 961 1047 1179 1158 1032 1078 1066 1025 1126 1351 1248 1167 506 520 630 697 361 410 483 592 698 770
1458 1310 1383 1466 1360 1541 1152 1089 918 1063 1108 1159 1199 1137 1214 1196 1277 978 849 852 955 1105 1184 978 1015 1022 1121 1095 913 920 1168 1100 1109 1245 1379 1455 1297 1424 1388 1270 1388 1224 1217 1133 1437 1111 1057 1155 1304 1322 1313 971 1062 1242 1200 1291 1456 1347 1487 1519 1597 1610 1483 1562 1342 1151 1175 1129 1135 1348 1371 1471 1368 1157 1266 909 757 834 1140 1109 1113 907 906 1128 756 795 1034 1051 903 825 800 804 793 879 802 718 700 745 584 760 0 248 167 385 395 376 407 209 153 298 411 447 517 488 608 591 713 561 661 813 783 537 481 355 565 381 584 680 676 703 758 545 652 437 457 561 540 424 357 278 355
1498 1350 1423 1506 1400 1581 1193 1269 1098 1243 1275 1325 1379 1317 1380 1294 1317 1077 1029 893 995 1155 1224 1019 1056 1063 1162 1136 953 961 1208 1140 1090 1222 1356 1432 1275 1401 1365 1248 1365 1201 1194 1111 1415 1088 1034 1133 1281 1300 1290 948 1039 1222 1177 1269 1433 1324 1464 1496 1434 1447 1334 1493 1320 1128 1152 960 972 1185 1171 1301 1205 944 1053 696 622 726 927 895 900 885 884 1106 734 772 970 1028 881 803 777 781 771 666 589 758 740 785 561 547 237 0 347 444 435 443 601 426 291 174 351 263 425 682 395 761 754 657 852 945 963 717 661 535 745 561 764 860 856 883 938 424 506 316 335 348 350 236 234 211 296
1498 1371 1403 1471 1448 1571 1269 1013 842 987 1032 1083 1123 1061 1138 1119 1215 902 773 878 1078 1029 1174 1102 1125 1062 1176 1219 992 1044 1291 1224 1232 1368 1503 1579 1421 1547 1511 1394 1512 1347 1341 1257 1561 1235 1180 1279 1427 1446 1436 1094 1186 1365 1323 1415 1580 1471 1610 1642 1721 1733 1607 1686 1466 1274 1299 1253 1259 1472 1484 1594 1491 1257 1366 1009 881 958 1240 1208 1212 1031 1030 1252 880 918 1157 1174 1027 949 924 928 917 978 902 842 823 868 708 860 167 334 0 277 519 520 465 203 296 406 535 546 640 503 708 599 792 686 639 737 707 461 405 278 489 305 508 603 600 626 682 472 580 364 382 626 568 474 303 241 302
1550 1422 1454 1522 1500 1623 1321 1065 893 1039 1083 1134 1174 1112 1190 1171 1266 953 824 930 1181 1080 1226 1201 1176 1113 1227 1322 1044 1101 1394 1322 1343 1570 1704 1780 1622 1749 1713 1595 1713 1549 1542 1458 1762 1436 1382 1481 1629 1647 1638 1296 1355 1468 1525 1522 1781 1672 1812 1844 1816 1829 1716 1875 1667 1476 1500 1342 1354 1567 1553 1682 1587 1326 1435 1078 1005 1109 1309 1277 1282 1232 1231 1453 1081 1120 1353 1376 1228 1103 1125 1129 1118 1047 971 937 1004 925 909 930 385 431 267 0 720 728 606 418 514 589 736 649 808 554 775 651 844 820 691 788 759 513 389 330 540 390 560 655 606 678 734 494 602 386 405 656 605 511 341 262 222
1131 983 1056 1139 1033 1214 826 959 792 933 907 958 1069 1007 1013 927 950 710 707 526 628 788 857 651 689 696 795 769 586 594 841 773 782 939 1074 1150 992 1119 1082 965 1083 918 912 828 1132 806 751 850 998 1017 1007 665 757 915 894 968 1151 1042 1181 1213 1264 1277 1164 1257 1037 845 870 797 802 1015 1042 1138 1035 846 976 607 454 505 850 819 823 602 584 806 434 472 701 745 598 520 477 482 488 566 512 391 363 418 232 543 408 448 535 736 0 151 410 425 287 308 252 405 281 473 409 417 403 304 563 578 659 738 750 623 631 674 578 743 913 858 785 620 637 734 766 471 529 525 624 578 654
1155 1007 1080 1163 1057 1238 849 957 786 931 931 982 1067 1005 1037 951 974 734 717 549 652 812 881 675 713 720 818 793 610 618 865 797 806 1049 1184 1260 1102 1229 1193 1075 1193 1029 1022 938 1242 916 861 960 1108 1127 1117 775 818 939 1005 992 1261 1152 1291 1323 1399 1411 1288 1367 1147 956 980 934 940 1150 1176 1276 1172 968 1106 716 560 639 980 948 952 712 689 911 540 578 838 856 694 565 583 587 598 701 642 415 391 442 382 611 379 446 522 734 146 0 285 300 220 307 297 450 327 348 454 339 415 240 447 602 651 613 625 498 506 549 453 627 788 803 721 665 682 731 763 515 574 568 664 575 651
1289 1141 1214 1297 1191 1372 984 843 672 817 861 913 953 891 968 949 1045 731 603 614 786 859 1004 809 847 785 953 927 707 752 999 931 940 1292 1426 1502 1345 1471 1435 1317 1435 1271 1264 1181 1485 1158 1104 1203 1351 1370 1360 1018 952 1073 1247 1126 1503 1394 1526 1566 1556 1569 1456 1551 1382 1190 1164 1143 1149 1307 1395 1485 1381 1223 1360 971 815 883 1234 1203 1207 917 847 1069 697 735 1047 1090 828 699 740 744 841 955 896 549 513 557 597 864 422 609 480 621 404 275 0 187 337 511 552 702 581 143 709 305 479 349 349 519 537 451 470 344 318 395 264 529 633 648 624 908 935 792 824 768 826 812 748 662 730
1340 1192 1265 1334 1242 1424 1035 876 705 850 895 946 986 924 1001 983 1078 765 636 710 837 892 1038 861 898 880 1004 978 795 803 1050 982 991 1307 1442 1518 1360 1486 1450 1333 1451 1286 1280 1196 1500 1174 1119 1218 1366 1385 1375 1033 1003 1124 1262 1177 1518 1410 1549 1581 1607 1620 1507 1602 1405 1213 1215 1192 1197 1358 1434 1533 1430 1226 1363 974 818 897 1238 1206 1210 969 898 1120 748 786 1096 1113 879 750 791 796 856 958 899 600 564 627 647 867 298 515 292 508 420 298 172 0 314 491 555 687 585 239 712 401 582 400 445 600 570 419 432 305 383 336 360 562 594 609 641 723 831 607 639 771 809 703 563 488 546
1328 1180 1253 1336 1230 1411 1023 1077 906 1051 1096 1147 1187 1125 1202 1124 1147 908 837 723 825 985 1054 849 886 893 992 966 783 791 1038 970 979 1127 1261 1338 1180 1306 1270 1153 1270 1106 1100 1016 1320 994 939 1038 1186 1205 1195 853 944 1112 1082 1165 1338 1229 1369 1401 1479 1492 1366 1445 1225 1033 1057 1012 1017 1231 1254 1353 1250 1046 1183 794 638 717 1057 1026 1030 790 789 1011 639 677 916 933 786 708 682 687 676 778 719 588 564 615 467 687 158 287 301 519 274 218 321 225 0 229 307 420 404 408 532 509 587 410 567 736 771 634 615 488 582 470 529 747 809 824 841 666 758 550 582 591 604 500 484 394 470
1343 1195 1267 1351 1245 1426 1037 1171 1004 1145 1119 1169 1281 1219 1224 1138 1161 922 918 737 839 1000 1068 863 900 907 1006 980 798 805 1052 985 920 1052 1186 1262 1104 1231 1195 1077 1195 1031 1024 940 1244 918 864 963 1111 1129 1120 778 869 1052 1007 1098 1263 1154 1294 1326 1404 1417 1290 1369 1149 958 982 937 942 1155 1178 1278 1175 972 1109 720 564 641 984 952 956 714 713 935 563 602 841 858 710 632 607 611 600 703 645 603 582 629 391 606 302 179 410 593 295 305 496 405 226 0 186 226 331 582 458 624 614 521 714 790 870 780 724 597 756 623 703 894 918 945 988 543 577 466 496 412 413 309 369 366 447
1264 1116 1188 1272 1166 1347 958 1092 925 1066 1040 1090 1202 1140 1146 1060 1082 843 839 658 760 921 989 784 821 828 927 901 719 726 974 906 841 973 1107 1183 1026 1152 1116 998 1116 952 945 861 1165 839 785 884 1032 1050 1041 699 790 973 928 1019 1184 1075 1215 1247 1286 1299 1186 1290 1070 879 903 812 824 1037 1048 1160 1057 826 964 574 418 521 838 807 811 635 634 856 485 523 734 779 631 553 528 532 522 577 500 524 503 551 312 457 413 357 540 742 242 293 535 492 305 176 0 214 188 612 311 556 536 443 702 711 791 865 854 728 770 738 717 882 1040 990 918 511 528 625 655 361 420 414 507 525 606
1426 1278 1351 1434 1328 1509 1121 1255 1088 1229 1203 1253 1364 1302 1308 1222 1245 1006 1002 821 923 1083 1152 947 984 991 1090 1064 881 889 1136 1068 1005 1137 1271 1347 1190 1316 1280 1162 1280 1116 1109 1025 1329 1003 949 1048 1196 1214 1205 863 954 1137 1092 1183 1348 1239 1350 1366 1287 1300 1187 1346 1234 1043 1043 813 825 1038 1024 1153 1058 797 906 549 464 568 780 748 752 799 781 1003 649 687 809 943 795 717 692 696 686 518 442 686 657 713 476 389 451 268 551 654 396 448 687 605 418 222 209 0 253 767 253 711 698 598 857 873 954 921 865 738 925 764 872 1037 1059 1086 1080 433 450 507 557 266 299 278 364 427 508
1305 1156 1229 1312 1207 1388 999 1133 966 1107 1081 1131 1242 1181 1186 1100 1123 884 880 699 801 962 1030 825 862 869 968 942 760 767 1014 947 882 1014 1148 1224 1067 1193 1157 1039 1157 993 986 902 1206 880 826 925 1073 1091 1082 740 831 1014 969 1060 1225 1116 1228 1245 1165 1178 1065 1224 1111 920 902 691 703 916 927 1039 936 705 857 453 297 400 795 763 767 676 584 807 525 508 613 820 672 594 569 573 562 531 457 565 534 591 353 350 522 432 649 815 273 324 566 533 402 325 184 248 0 644 269 588 576 475 734 751 832 897 909 782 802 833 749 914 1072 1031 959 477 494 595 675 328 386 380 479 589 670
1173 1025 1089 1157 1075 1256 868 699 528 673 717 769 809 747 824 805 901 587 459 470 670 715 860 694 703 641 837 811 563 609 883 823 832 1228 1363 1439 1281 1408 1372 1254 1372 1208 1201 1117 1421 1095 1040 1139 1287 1306 1296 954 844 957 1134 1010 1440 1331 1454 1502 1587 1599 1451 1530 1310 1118 1143 1174 1179 1338 1425 1515 1412 1286 1417 1034 877 914 1291 1259 1264 875 877 1099 727 766 1078 1018 720 591 771 775 759 1007 953 425 458 413 627 923 493 680 511 562 467 335 128 187 405 578 610 762 637 0 772 161 349 280 205 375 393 307 379 252 174 346 120 385 509 524 480 848 957 733 765 827 885 857 688 614 671
1383 1235 1307 1391 1285 1466 1077 1211 1044 1185 1159 1209 1321 1259 1265 1179 1202 962 958 777 879 1040 1108 903 940 947 1046 1020 838 845 1093 1025 1009 1141 1276 1352 1194 1320 1284 1167 1285 1120 1114 1030 1334 1008 953 1052 1200 1219 1209 867 959 1141 1096 1188 1352 1243 1204 1221 1141 1154 1041 1200 1127 1047 898 667 679 892 878 1008 912 651 760 403 368 471 634 602 607 804 706 880 653 629 716 947 800 722 697 701 690 341 296 643 652 670 481 227 614 400 713 781 401 452 694 661 529 452 308 249 262 764 0 716 655 594 823 830 910 1024 1011 885 930 919 876 1003 1199 1110 1037 331 348 449 529 182 240 340 447 557 591
1061 913 985 1069 963 1144 755 686 514 659 704 755 795 733 811 792 879 574 445 403 557 666 786 581 618 573 724 698 495 523 770 711 719 1116 1250 1326 1169 1295 1259 1141 1259 1095 1088 1005 1309 982 928 1027 1175 1194 1184 842 731 844 1021 898 1327 1218 1342 1390 1500 1492 1338 1417 1197 1006 1030 1118 1123 1251 1369 1459 1356 1195 1304 947 822 858 1178 1147 1151 762 821 1043 671 710 1022 906 607 479 715 719 646 894 840 313 377 346 571 867 617 763 625 677 412 326 290 350 506 620 554 706 581 153 710 0 233 218 175 329 379 397 494 367 288 461 211 355 613 542 450 921 938 848 880 771 829 824 803 729 786
917 769 842 925 820 1001 612 736 565 710 694 744 845 784 799 713 736 497 493 312 414 574 643 438 475 482 581 555 372 380 627 567 576 973 1107 1183 1025 1152 1116 998 1116 952 945 861 1165 839 785 883 1032 1050 1041 699 588 701 878 754 1184 1075 1198 1247 1356 1349 1195 1274 1054 863 887 1068 1032 1108 1279 1339 1306 1052 1161 804 795 832 1035 1003 1008 619 769 905 645 684 996 763 464 335 630 620 503 751 697 170 307 204 545 792 727 768 808 860 385 402 464 531 584 607 530 680 555 341 675 231 0 233 261 363 430 483 677 550 410 644 326 441 698 628 535 900 917 1018 1063 751 809 806 904 897 969
1118 970 1043 1126 1020 1201 812 875 704 849 894 944 985 923 1000 914 937 697 635 512 615 775 844 638 675 683 781 756 573 581 828 768 777 1069 1203 1280 1122 1248 1212 1095 1212 1048 1041 958 1262 935 881 980 1128 1147 1137 795 782 902 1024 955 1280 1171 1295 1343 1402 1415 1291 1370 1150 959 983 990 995 1153 1241 1331 1228 1107 1254 865 708 730 1128 1096 1100 715 693 915 543 581 894 859 638 484 583 587 600 849 790 370 253 405 443 754 568 664 693 826 298 227 333 348 407 517 440 593 468 272 597 216 217 0 365 513 569 572 643 516 438 610 384 545 773 732 639 808 825 926 981 658 716 711 809 793 869
1030 903 935 1003 980 1103 775 545 374 519 563 615 654 593 670 651 747 433 305 346 577 561 706 597 590 528 708 718 431 496 791 717 744 1139 1244 1331 1189 1314 1279 1164 1283 1088 1109 1021 1320 1002 941 1047 1196 1209 1207 857 746 859 1018 913 1352 1243 1358 1405 1461 1506 1354 1435 1211 987 1046 1236 1200 1276 1447 1507 1474 1220 1329 972 963 1000 1203 1171 1176 787 937 1069 814 852 1164 931 624 490 798 788 671 919 865 326 457 283 713 960 650 835 629 683 553 433 334 393 564 710 698 848 723 197 844 162 245 359 0 204 239 243 463 381 206 474 123 161 456 362 268 969 1075 861 881 916 963 958 803 737 798
943 813 847 915 863 1016 655 457 286 431 476 527 567 505 582 564 659 346 217 212 458 473 619 464 457 395 620 599 297 363 671 584 616 1117 1222 1308 1167 1292 1257 1142 1261 1066 1087 944 1222 979 972 1071 1174 1187 1185 888 718 740 898 793 1330 1221 1366 1383 1492 1537 1385 1447 1242 1017 1076 1239 1231 1306 1450 1538 1484 1223 1332 975 966 1003 1206 1174 1178 818 966 1099 816 854 1167 961 595 521 829 819 702 922 868 337 530 184 716 962 813 925 727 781 556 585 504 549 734 777 700 851 725 367 846 327 346 507 171 0 151 362 566 478 346 572 315 225 558 347 246 1065 1079 959 979 920 968 964 900 834 895
826 698 730 798 776 899 597 341 169 314 359 410 450 388 466 447 542 229 100 227 538 356 502 503 452 389 503 679 326 433 751 654 686 1197 1302 1389 1248 1373 1337 1222 1342 1146 1168 1024 1303 1060 1053 1151 1255 1267 1265 969 793 820 979 874 1410 1301 1446 1463 1573 1618 1465 1527 1323 1098 1157 1319 1311 1387 1530 1618 1564 1303 1412 1055 1046 1083 1286 1255 1259 898 1047 1180 897 935 1247 1042 671 601 909 900 783 1002 948 418 607 265 797 1043 783 950 697 751 636 638 522 519 768 858 781 931 806 385 927 366 414 563 206 140 0 353 471 449 316 542 349 232 416 205 155 1037 1144 929 949 1000 1048 1041 871 805 865
1150 1022 1054 1122 1100 1223 921 665 493 639 683 734 774 712 790 771 866 553 424 530 791 680 826 797 776 713 827 932 644 697 1004 918 950 1365 1500 1576 1418 1545 1509 1391 1509 1345 1338 1254 1558 1232 1177 1276 1424 1443 1433 1091 981 1078 1255 1132 1578 1482 1591 1639 1749 1742 1588 1667 1447 1255 1280 1487 1430 1505 1675 1740 1711 1449 1572 1221 1181 1219 1428 1396 1401 1012 1162 1297 1025 1063 1385 1155 857 728 1023 1013 896 1144 1090 562 703 521 925 1185 543 723 467 518 743 618 457 425 640 785 872 926 902 313 1030 400 485 577 246 365 359 0 228 247 188 339 284 136 290 274 215 805 913 689 721 955 899 813 645 570 627
1295 1167 1199 1267 1244 1368 1066 809 638 783 828 879 919 857 934 916 1011 698 569 700 979 825 971 972 921 858 972 1120 814 885 1192 1106 1138 1563 1697 1774 1616 1742 1706 1589 1706 1542 1535 1452 1756 1429 1375 1474 1622 1641 1631 1289 1178 1266 1443 1320 1775 1680 1789 1837 1918 1930 1785 1864 1644 1453 1477 1558 1571 1674 1759 1854 1756 1562 1689 1320 1194 1236 1545 1513 1517 1209 1208 1430 1059 1097 1419 1353 1054 926 1102 1106 1094 1283 1207 760 827 724 958 1165 488 668 412 404 756 631 477 438 621 730 858 871 915 385 1018 500 683 649 469 572 478 223 0 93 319 284 387 346 201 309 393 749 858 634 666 900 844 758 589 515 547
1279 1151 1183 1251 1229 1352 1050 793 622 767 812 863 903 841 918 900 995 682 553 658 910 809 955 930 905 842 956 1051 773 830 1123 1051 1072 1469 1603 1679 1521 1648 1612 1494 1612 1448 1441 1357 1661 1335 1281 1379 1528 1546 1537 1195 1084 1197 1374 1250 1681 1585 1694 1743 1823 1836 1691 1770 1550 1358 1383 1464 1477 1580 1665 1760 1661 1467 1595 1226 1099 1141 1450 1419 1423 1115 1114 1336 964 1002 1325 1259 960 831 1008 1012 999 1189 1112 665 733 653 864 1070 393 573 317 369 662 537 382 344 527 636 763 777 821 291 923 406 589 555 419 517 487 241 87 0 282 190 292 384 281 390 462 655 764 540 572 805 750 663 495 421 478
1120 992 1024 1092 1070 1193 891 635 463 609 653 705 744 682 760 741 837 523 395 500 739 650 796 763 746 683 797 880 614 671 952 892 901 1298 1432 1508 1351 1477 1441 1324 1441 1277 1270 1187 1491 1164 1110 1209 1357 1376 1366 1024 913 1026 1203 1080 1510 1415 1524 1572 1682 1674 1520 1599 1379 1188 1212 1393 1362 1438 1594 1672 1590 1382 1505 1154 1088 1088 1360 1329 1333 944 1043 1230 893 932 1254 1088 789 661 937 941 829 1076 1022 495 624 483 793 1089 578 758 501 553 639 514 326 396 590 764 778 933 810 182 937 296 418 446 214 358 329 182 313 243 0 374 139 292 390 405 378 839 948 724 756 990 934 848 679 605 662
1371 1243 1275 1343 1321 1444 1142 885 714 859 904 955 995 933 1011 992 1087 774 645 751 1002 901 1047 1022 997 934 1048 1143 865 922 1215 1143 1164 1561 1695 1771 1614 1740 1704 1586 1704 1540 1533 1449 1753 1427 1373 1472 1620 1638 1629 1287 1176 1289 1466 1343 1773 1677 1787 1835 1873 1886 1773 1862 1642 1451 1475 1513 1527 1629 1715 1809 1711 1505 1628 1275 1149 1191 1483 1451 1456 1207 1163 1386 1014 1052 1374 1351 1052 924 1057 1061 1091 1222 1145 758 825 746 913 1103 418 598 342 427 712 587 432 373 507 661 775 801 871 383 956 498 681 647 512 609 579 333 277 151 361 0 384 476 472 499 555 688 796 573 604 838 782 696 528 453 511
1144 1006 1049 1117 1057 1217 849 659 488 633 677 729 768 707 784 765 861 547 419 452 651 675 820 675 684 622 818 792 544 590 864 805 813 1210 1344 1420 1263 1389 1353 1235 1353 1189 1182 1098 1402 1076 1022 1121 1269 1287 1278 936 825 938 1115 992 1422 1326 1436 1484 1594 1586 1432 1511 1291 1100 1124 1332 1274 1350 1519 1584 1533 1294 1417 1065 1031 1031 1272 1241 1245 856 986 1142 836 874 1197 1000 701 573 867 858 740 988 934 407 547 395 736 1029 588 768 512 564 582 457 268 364 533 707 721 876 753 124 880 214 330 388 126 318 353 278 380 254 131 347 0 307 486 483 401 850 959 735 767 936 944 858 690 616 673
1042 914 946 1014 992 1115 813 556 385 530 575 626 666 604 682 663 758 445 316 422 670 572 718 676 668 605 719 811 530 575 883 797 829 1319 1424 1511 1370 1495 1459 1344 1464 1268 1290 1156 1435 1182 1122 1227 1377 1389 1387 1038 927 952 1111 1006 1532 1423 1539 1585 1642 1687 1534 1615 1392 1167 1226 1416 1380 1456 1628 1687 1655 1400 1509 1152 1144 1181 1384 1352 1356 968 1117 1249 994 1032 1345 1111 804 671 979 969 852 1099 1045 506 637 404 894 1140 680 846 593 647 734 614 514 510 744 890 878 1029 903 378 1024 342 425 539 179 244 250 133 340 345 279 439 303 0 331 289 198 933 1041 825 845 1090 1032 938 767 701 762
1235 1108 1139 1207 1185 1308 1006 750 578 724 768 820 859 798 875 856 952 638 510 641 947 766 911 913 862 798 912 1088 755 842 1160 1063 1095 1576 1681 1768 1627 1752 1716 1601 1721 1526 1547 1433 1712 1439 1379 1484 1634 1647 1645 1295 1184 1229 1388 1283 1790 1681 1796 1842 1899 1944 1791 1873 1649 1424 1483 1661 1637 1713 1885 1945 1899 1658 1767 1410 1305 1384 1641 1609 1613 1225 1365 1506 1215 1253 1565 1368 1062 928 1236 1226 1109 1357 1303 763 894 692 1115 1353 676 843 590 598 907 785 618 543 805 914 1040 1054 1065 501 1194 598 682 767 459 560 419 285 195 276 378 435 482 287 0 250 346 929 1037 822 842 1086 1028 934 763 697 747
1025 898 930 998 975 1098 796 540 368 514 558 610 649 588 665 646 742 428 300 431 737 556 701 703 652 588 703 878 545 632 950 853 885 1396 1501 1588 1447 1572 1536 1421 1541 1346 1367 1224 1502 1259 1252 1350 1454 1467 1465 1168 993 1019 1178 1073 1610 1501 1645 1662 1772 1817 1664 1727 1522 1297 1356 1518 1510 1586 1730 1818 1763 1502 1611 1254 1246 1283 1486 1454 1458 1098 1246 1379 1096 1134 1447 1241 870 801 1109 1099 982 1201 1147 617 806 482 996 1242 703 869 616 670 836 800 633 558 822 941 980 1081 1005 516 1126 529 612 726 366 350 209 271 303 363 393 462 479 270 248 0 136 956 1064 848 868 1113 1055 961 790 724 785
983 855 887 955 933 1056 754 498 326 472 516 568 607 545 623 604 700 386 258 389 665 514 659 661 610 546 660 806 503 570 878 791 823 1324 1429 1516 1374 1499 1464 1349 1468 1273 1294 1151 1429 1187 1164 1269 1381 1394 1392 1080 925 947 1105 1000 1537 1428 1573 1590 1684 1729 1576 1654 1434 1209 1268 1446 1422 1498 1657 1729 1691 1430 1539 1182 1173 1210 1413 1381 1386 1010 1159 1291 1023 1061 1374 1153 803 712 1021 1011 894 1129 1075 544 713 410 923 1170 758 925 672 726 763 708 608 589 839 984 908 1058 933 472 1053 436 519 633 274 258 167 212 386 424 366 517 397 179 344 133 0 1012 1120 904 924 1127 1111 1016 846 780 841
1613 1465 1538 1621 1515 1696 1308 1351 1180 1325 1369 1421 1461 1399 1476 1409 1432 1192 1111 1008 1110 1270 1339 1133 1171 1178 1277 1251 1068 1076 1323 1255 1213 1345 1479 1556 1398 1524 1488 1371 1489 1324 1318 1234 1538 1212 1157 1256 1404 1423 1413 1071 1162 1345 1300 1392 1556 1447 1430 1446 1367 1379 1267 1426 1352 1251 1123 892 904 1118 1103 1233 1137 876 985 628 676 779 859 828 832 1008 1000 1105 857 895 985 1151 1004 926 900 905 894 598 521 873 873 900 685 512 553 432 480 502 610 663 892 633 661 539 507 429 470 841 326 919 869 802 977 1060 1045 799 743 616 827 651 846 941 937 964 1020 0 108 124 241 208 265 276 286 282 363
1630 1482 1555 1638 1532 1713 1324 1458 1288 1432 1406 1457 1568 1506 1512 1426 1449 1209 1205 1024 1127 1287 1356 1150 1188 1195 1293 1268 1085 1093 1340 1272 1230 1362 1496 1573 1415 1541 1505 1388 1506 1341 1335 1251 1555 1229 1174 1273 1421 1440 1430 1088 1179 1362 1317 1409 1573 1464 1447 1463 1383 1396 1284 1443 1369 1268 1140 909 921 1135 1120 1250 1154 893 1002 645 693 796 876 845 849 1025 1017 1122 874 912 1002 1168 1021 943 917 922 911 615 538 890 890 917 702 529 661 515 589 611 627 680 920 742 755 573 524 446 487 949 343 936 886 819 1070 1077 1154 908 852 725 935 759 955 1050 1046 1073 1129 102 0 232 349 225 283 294 325 391 458
1721 1583 1625 1693 1633 1794 1426 1236 1064 1210 1254 1306 1345 1283 1361 1342 1438 1124 996 1101 1228 1252 1397 1252 1289 1284 1395 1369 1186 1194 1441 1373 1331 1463 1598 1674 1516 1642 1606 1489 1607 1442 1436 1352 1656 1330 1275 1374 1522 1541 1531 1189 1281 1463 1418 1510 1674 1565 1548 1564 1485 1497 1385 1544 1471 1369 1241 1010 1023 1236 1222 1351 1255 994 1103 746 794 897 978 946 950 1126 1118 1224 975 1013 1103 1269 1122 1044 1019 1023 1012 716 639 991 991 1018 803 630 438 317 365 387 718 726 777 518 546 462 620 501 588 725 444 822 987 920 862 960 930 684 628 501 712 535 731 826 822 849 905 116 223 0 125 326 311 274 194 167 248
1753 1625 1657 1725 1703 1826 1505 1268 1096 1241 1286 1337 1377 1315 1393 1374 1469 1156 1027 1133 1307 1283 1429 1331 1368 1316 1430 1448 1247 1273 1520 1453 1407 1539 1674 1750 1592 1719 1683 1565 1683 1519 1512 1428 1732 1406 1351 1450 1598 1617 1607 1265 1357 1539 1495 1586 1751 1642 1627 1643 1564 1577 1464 1623 1550 1445 1320 1090 1102 1315 1301 1430 1335 1074 1183 826 873 976 1057 1025 1029 1202 1198 1303 1051 1089 1182 1346 1198 1120 1095 1099 1088 795 719 1071 1054 1097 879 710 469 347 395 410 750 758 809 550 578 492 650 552 668 757 523 854 1047 971 894 991 962 716 660 533 743 567 763 858 854 881 937 233 340 125 0 405 390 354 258 199 217
1464 1315 1388 1471 1366 1547 1158 1292 1125 1266 1240 1290 1401 1340 1345 1259 1282 1043 1039 858 960 1121 1189 984 1021 1028 1127 1101 919 926 1173 1106 1064 1195 1330 1406 1248 1375 1339 1221 1339 1175 1168 1084 1388 1062 1007 1106 1254 1273 1263 922 1013 1195 1151 1242 1407 1298 1280 1296 1217 1230 1117 1276 1203 1102 973 743 755 968 954 1083 988 727 836 479 526 630 710 678 682 858 851 956 707 745 835 1002 854 776 751 755 744 448 372 724 723 750 535 363 563 350 628 657 460 513 753 720 588 408 358 260 321 820 176 769 719 652 903 910 991 949 893 767 977 801 932 1084 1088 1115 1118 202 216 325 393 0 115 215 332 438 468
1522 1374 1447 1530 1424 1605 1217 1351 1184 1325 1299 1349 1460 1398 1404 1318 1341 1102 1098 917 1019 1179 1248 1043 1080 1087 1186 1160 977 985 1232 1164 1122 1254 1388 1464 1306 1433 1397 1279 1397 1233 1226 1142 1446 1120 1066 1164 1312 1331 1322 980 1071 1253 1209 1300 1465 1356 1339 1355 1276 1288 1176 1335 1262 1160 1032 801 814 1027 1013 1142 1046 785 894 537 585 688 769 737 741 916 909 1015 765 803 894 1060 912 834 809 813 802 507 430 782 781 809 593 422 542 351 572 609 518 571 811 720 608 409 416 293 379 878 235 828 778 710 962 969 1050 893 838 711 921 745 940 1036 1032 1059 1115 259 274 310 378 113 0 130 254 383 453
1526 1378 1451 1534 1428 1609 1221 1354 1188 1328 1302 1353 1464 1402 1408 1322 1345 1105 1102 921 1023 1183 1252 1046 1084 1091 1190 1164 981 989 1236 1168 1110 1242 1377 1453 1295 1422 1385 1268 1386 1221 1215 1131 1435 1109 1054 1153 1301 1320 1310 968 1060 1242 1197 1289 1454 1345 1439 1455 1376 1388 1276 1435 1340 1148 1132 901 914 1127 1113 1242 1146 885 994 637 564 668 869 837 841 905 897 1115 754 792 912 1048 901 823 798 802 791 607 530 786 772 813 582 489 436 247 486 523 507 560 797 613 504 305 405 271 367 849 335 816 782 699 964 973 1053 807 751 624 835 659 854 949 946 973 1028 270 285 274 341 213 128 0 167 296 377
1631 1483 1555 1639 1533 1714 1325 1191 1020 1165 1209 1261 1301 1239 1316 1297 1393 1079 951 1025 1127 1207 1352 1151 1188 1195 1294 1268 1086 1093 1340 1273 1215 1347 1481 1557 1400 1526 1490 1372 1490 1326 1319 1235 1539 1213 1159 1258 1406 1424 1415 1073 1164 1347 1302 1393 1558 1449 1544 1560 1481 1493 1381 1540 1444 1253 1237 1006 1019 1232 1218 1347 1251 990 1099 742 669 772 974 942 946 1009 1002 1220 858 897 1017 1153 1005 927 902 906 895 712 635 891 877 917 686 594 371 248 318 355 611 659 732 473 479 365 502 360 472 681 441 777 886 803 817 915 885 639 583 456 667 491 686 781 778 804 860 278 316 193 246 331 250 155 0 128 209
1602 1474 1506 1574 1526 1675 1319 1117 945 1091 1135 1187 1226 1164 1242 1223 1319 1005 877 982 1121 1132 1278 1145 1182 1165 1279 1262 1079 1087 1334 1266 1275 1410 1544 1620 1462 1589 1553 1435 1553 1389 1382 1298 1602 1276 1222 1320 1468 1487 1478 1136 1227 1408 1365 1456 1621 1512 1651 1670 1591 1603 1491 1650 1507 1316 1340 1116 1129 1342 1328 1457 1361 1100 1209 852 779 882 1084 1052 1056 1072 1071 1293 921 959 1127 1216 1068 990 965 969 958 822 746 884 866 911 749 704 281 217 247 268 562 569 647 399 390 362 520 423 582 606 551 703 880 783 743 840 811 565 509 382 593 416 612 707 703 730 786 274 382 166 187 436 379 285 114 0 126
1659 1532 1564 1632 1602 1732 1395 1174 1003 1148 1192 1244 1283 1222 1299 1280 1376 1062 934 1039 1197 1190 1335 1221 1258 1222 1337 1338 1153 1163 1410 1342 1351 1487 1621 1698 1540 1666 1630 1513 1630 1466 1459 1376 1680 1353 1299 1398 1546 1565 1555 1213 1304 1484 1442 1534 1698 1589 1689 1706 1626 1639 1527 1686 1585 1393 1383 1152 1164 1378 1363 1493 1397 1136 1245 888 860 963 1119 1088 1092 1150 1149 1365 999 1037 1207 1293 1146 1068 1042 1047 1036 858 781 960 942 987 826 772 357 298 305 224 638 645 715 456 466 443 601 503 663 664 586 760 953 859 800 898 868 622 533 439 650 473 669 764 749 787 843 355 449 247 212 466 441 365 195 120 0
