98 7
1 1 5 7615 2355 11885 835 4105 510 95 175 12665 3255 2320 5025 7035 6590 4355 3495 4695 2110 5045 855 7600 5845 7215 6450 4555 4835 300 1180 8375 8150 5470 6120 2125 310 1960 3185 14230 2150 12480 11895 8045 7100 5345 95 8380 8050 11825 8810 8755 5515 1535 7320 12250 9500 6335 7630 8105 7670 8005 4120 6085 630 2670 360 6910 3165 7155 4615 3620 3990 3875 2805 4385 2240 955 5185 10580 11170 8015 28310 15155 1770 4130 905 135 960 15585 11430 3100 320 50 370 1120 440 3720
0 630 399 818 894 418 526 653 504 509 284 1497 1229 1226 1311 1367 1343 1318 1272 1119 1448 1292 1564 1498 1524 1531 1465 1381 1357 1670 1588 1251 1462 1395 1488 1451 1566 1201 1252 1306 1271 1007 959 1050 1050 1118 988 1069 1065 1135 1163 1212 1191 924 905 876 936 886 1004 984 1476 1670 1458 1331 1129 769 888 1395 1323 1125 1096 1123 1212 1263 1117 1217 1336 1293 1330 767 694 885 1018 963 1088 805 968 613 1343 1138 1132 997 903 888 1038 1167 1224 1162
566 0 414 756 906 370 464 465 392 321 569 1509 1241 1238 1323 1379 1355 1330 1284 1131 1460 1304 1577 1511 1536 1543 1477 1393 1369 1683 1600 1263 1474 1407 1500 1463 1578 1213 1264 1318 1283 1019 971 1062 1062 1131 1000 1081 1078 1147 1175 1224 1204 936 917 888 948 848 999 918 1488 1458 1470 1343 1141 781 900 1407 1335 914 911 836 925 990 993 1091 1120 1167 1042 480 407 597 730 675 801 743 680 551 1055 834 845 710 715 584 734 863 920 858
362 381 0 891 888 594 611 289 139 145 190 1491 1223 1220 1305 1361 1337 1312 1266 1113 1442 1286 1558 1492 1518 1525 1459 1375 1351 1664 1582 1245 1456 1389 1482 1445 1560 1195 1246 1299 1265 1001 918 1044 1044 1094 982 1063 1059 1129 1157 1206 1185 918 899 870 930 880 922 841 1436 1381 1441 1325 1123 762 882 1389 1317 837 834 759 848 914 916 1014 1043 1091 966 403 330 520 654 598 724 839 603 698 979 773 768 633 539 524 674 803 860 798
786 753 874 0 304 445 326 949 877 805 934 1062 794 791 876 932 907 883 837 684 1013 857 1129 1063 1088 1096 1030 946 922 1235 1153 816 1027 960 1053 1016 1131 765 817 723 678 561 640 638 675 744 542 623 612 689 709 759 714 467 475 460 618 517 687 602 1030 1352 1012 885 536 333 323 915 830 807 779 836 925 944 798 898 1017 975 1043 604 752 722 834 845 863 413 742 217 1125 1218 1008 1095 1140 1035 1185 1298 1371 1266
929 911 919 329 0 594 494 966 894 822 1062 1073 792 788 874 930 905 894 835 695 1011 855 1141 1075 1100 1093 1038 958 934 1238 1150 757 968 901 995 1014 1073 471 753 554 509 573 651 649 687 755 553 605 529 666 623 608 544 422 486 471 629 537 698 611 1042 1363 1024 830 367 363 289 746 661 818 790 897 957 956 809 910 1028 986 1076 808 886 867 845 989 878 584 757 423 1140 1283 1073 1189 1213 1046 1196 1326 1382 1298
404 367 643 435 567 0 154 718 646 574 551 1169 902 899 984 1040 1015 991 945 792 1121 965 1237 1171 1196 1204 1138 1054 1030 1343 1261 924 1135 1068 1161 1124 1239 873 925 978 944 680 632 723 723 791 661 742 738 808 836 885 864 597 578 549 609 538 677 622 1149 1343 1131 1004 802 441 561 1068 996 798 769 782 871 936 789 890 1009 966 989 426 574 544 677 667 747 433 626 240 1010 1040 830 917 960 794 944 1073 1130 1068
494 461 582 316 469 153 0 657 585 513 642 1184 916 913 998 1054 1030 1005 959 806 1135 979 1252 1186 1211 1218 1152 1068 1045 1358 1275 938 1149 1082 1175 1138 1253 888 939 989 944 655 593 685 685 753 646 753 753 819 850 899 879 611 540 488 540 418 595 502 1121 1291 1105 1009 803 456 556 1082 1010 747 700 669 757 823 751 852 953 928 875 312 460 430 563 553 634 313 513 121 896 926 716 803 848 767 917 1006 1103 974
617 428 260 928 935 639 640 0 206 174 444 1537 1270 1266 1352 1408 1383 1359 1313 1159 1489 1333 1605 1539 1564 1571 1506 1422 1398 1711 1628 1291 1503 1436 1529 1492 1607 1241 1293 1346 1311 1048 965 1091 1091 1140 1029 1110 1106 1176 1203 1253 1232 965 946 917 977 927 969 888 1483 1253 1488 1371 1170 809 928 1435 1364 884 881 806 895 926 963 1061 927 1137 745 450 299 567 553 449 624 885 650 744 719 656 508 373 249 344 495 695 752 690
467 355 111 855 862 567 568 195 0 119 294 1465 1197 1194 1279 1335 1311 1286 1240 1087 1416 1260 1533 1467 1492 1499 1433 1349 1326 1639 1556 1219 1430 1363 1456 1419 1534 1169 1220 1274 1239 975 892 1018 1018 1068 956 1037 1034 1103 1131 1180 1160 892 874 844 904 854 896 815 1410 1355 1416 1299 1097 737 856 1363 1291 812 808 733 822 888 890 989 1017 1065 940 377 304 495 628 572 698 813 577 672 926 748 715 580 456 498 648 777 834 772
472 284 116 783 791 495 496 164 86 0 300 1393 1126 1122 1207 1264 1239 1214 1169 1015 1345 1188 1461 1395 1420 1427 1362 1278 1254 1567 1484 1147 1358 1291 1385 1348 1463 1097 1148 1202 1167 904 821 947 946 996 884 966 962 1031 1059 1109 1088 821 802 772 832 783 825 743 1339 1284 1344 1227 1026 665 784 1291 1220 740 737 662 750 816 819 917 946 993 868 306 232 423 556 501 627 741 506 600 882 676 671 535 424 426 576 705 762 700
247 536 171 941 1027 550 642 433 261 285 0 1630 1363 1359 1444 1501 1476 1451 1406 1252 1582 1425 1698 1632 1657 1664 1599 1515 1491 1804 1721 1384 1595 1528 1622 1585 1700 1334 1385 1439 1404 1141 1073 1183 1183 1249 1121 1203 1199 1268 1296 1346 1325 1057 1039 1009 1069 1020 1077 996 1591 1536 1592 1464 1262 902 1021 1528 1457 992 989 914 1003 1069 1071 1169 1198 1246 1121 558 485 675 809 753 879 938 758 746 1134 928 923 788 694 679 829 958 1015 953
1493 1486 1469 1072 1080 1171 1160 1533 1438 1385 1633 0 627 579 664 635 597 583 599 428 801 645 519 445 424 544 463 481 313 592 747 847 1058 986 1085 804 1147 747 780 801 849 1111 1195 1093 1084 1088 1141 1017 935 947 854 842 827 1076 1074 1059 1208 1158 1276 1256 1346 1698 1228 1005 920 960 1041 849 836 1300 1366 1438 1436 1353 1199 1293 1424 1320 1512 1376 1423 1440 1417 1565 1446 1247 1328 1231 1701 1861 1632 1759 1784 1594 1749 1900 1950 1874
1244 1226 1235 820 842 909 914 1282 1209 1138 1378 583 0 128 167 142 138 208 80 218 310 245 378 412 511 321 269 258 444 466 385 498 709 637 736 388 778 399 431 452 500 767 864 751 756 754 815 681 602 614 516 494 479 752 812 801 947 899 1014 1000 997 1350 886 669 578 715 789 500 487 957 1028 1092 1092 1010 856 946 1113 971 1163 1159 1201 1183 1161 1304 1193 1014 1073 975 1456 1599 1389 1505 1528 1362 1512 1641 1698 1614
1198 1180 1189 774 796 863 868 1235 1163 1091 1332 602 127 0 101 168 210 283 198 268 237 182 442 476 576 382 356 344 463 497 373 452 663 591 690 317 715 352 385 405 454 720 818 705 710 708 769 634 555 568 470 448 432 706 766 754 901 852 968 953 951 1303 840 623 532 669 742 454 441 911 982 1045 1046 964 810 900 1067 925 1117 1112 1155 1137 1114 1258 1147 968 1026 929 1410 1553 1342 1458 1482 1316 1466 1595 1652 1568
1283 1265 1273 859 881 948 953 1320 1248 1176 1416 687 165 96 0 124 194 321 226 345 234 237 376 429 507 313 313 352 548 428 332 537 748 643 774 361 764 437 469 490 539 805 903 789 795 792 853 719 640 652 555 533 517 791 851 839 986 937 1052 1038 1036 1388 924 708 616 754 827 538 525 995 1066 1130 1130 1048 894 985 1151 1009 1202 1197 1240 1221 1199 1343 1232 1053 1111 1013 1494 1637 1427 1543 1566 1400 1550 1680 1736 1652
1351 1333 1342 927 949 1016 1021 1388 1316 1244 1485 637 140 162 121 0 88 230 186 324 325 312 296 330 431 238 214 253 462 369 284 605 816 718 842 436 839 505 538 558 607 873 971 857 863 861 922 787 708 721 623 601 585 859 919 907 1054 1005 1120 1106 1104 1456 993 776 684 822 895 607 594 1064 1135 1198 1198 1117 963 1053 1220 1078 1270 1265 1308 1289 1267 1411 1300 1121 1179 1081 1563 1706 1495 1611 1635 1469 1619 1748 1805 1721
1354 1336 1345 930 952 1019 1024 1391 1319 1247 1488 608 137 204 192 87 0 153 145 276 341 354 276 310 407 219 183 181 433 364 291 608 819 747 845 449 881 508 541 561 610 876 974 860 866 864 925 790 711 724 626 604 588 862 922 910 1057 1008 1123 1109 1107 1459 996 779 687 825 898 610 597 1066 1137 1201 1201 1119 965 1056 1222 1081 1273 1268 1311 1292 1270 1414 1303 1124 1182 1084 1565 1709 1498 1614 1638 1472 1622 1751 1808 1723
1303 1285 1294 879 901 968 973 1340 1268 1196 1436 597 206 278 316 229 147 0 148 221 464 393 314 322 396 262 178 114 395 407 423 629 840 768 866 535 926 529 561 582 630 897 995 881 886 884 938 811 732 744 647 625 609 877 871 859 1006 957 1072 1058 1128 1480 1016 800 708 774 847 630 617 1087 1158 1222 1222 1140 986 1077 1243 1101 1294 1217 1260 1241 1219 1363 1252 1073 1131 1033 1514 1657 1447 1563 1587 1421 1571 1700 1756 1672
1273 1255 1264 849 871 938 943 1310 1238 1166 1406 606 78 192 222 184 140 146 0 191 369 314 379 404 485 325 243 222 467 472 401 552 764 691 790 456 847 453 485 506 554 821 918 805 810 808 869 735 656 668 570 549 533 806 841 829 976 927 1042 1028 1051 1404 940 724 632 744 817 554 541 1011 1082 1146 1146 1064 910 1000 1167 1025 1217 1187 1230 1211 1189 1333 1222 1043 1101 1003 1484 1627 1417 1533 1557 1391 1541 1670 1726 1642
1081 1063 1072 657 679 746 751 1118 1046 974 1214 1262 995 991 1076 1132 1108 1083 1037 0 1217 1057 1330 1264 1289 1296 1230 1147 1123 1436 1353 1016 1227 1160 1254 1217 1332 966 1017 1043 998 742 817 816 870 932 716 801 808 871 892 947 919 655 649 637 784 735 850 836 1203 1516 1192 1071 863 552 625 1160 1051 972 942 1051 1111 1109 963 1065 1220 1139 1230 995 1038 1019 997 1141 1030 851 909 811 1292 1435 1225 1341 1365 1199 1349 1478 1534 1450
1419 1401 1410 995 1017 1084 1089 1456 1384 1312 1552 823 309 232 230 320 336 462 357 466 0 357 484 538 615 421 449 488 684 535 331 673 884 665 857 171 786 573 606 626 675 941 1039 925 931 929 990 855 776 789 691 669 653 927 987 975 1122 1073 1188 1174 1172 1524 1061 844 752 890 963 675 662 1131 1202 1266 1266 1184 1030 1121 1287 1146 1338 1333 1376 1357 1335 1479 1368 1189 1247 1149 1630 1773 1563 1679 1703 1537 1687 1816 1872 1788
1245 1239 1221 825 832 923 912 1286 1191 1137 1386 647 244 176 232 308 348 391 301 360 354 0 579 617 684 513 492 450 524 605 488 513 724 519 711 283 640 413 446 466 515 777 861 759 750 754 826 683 601 613 520 507 493 742 827 811 960 911 1028 1008 1012 1364 894 671 586 712 793 515 502 966 1041 1104 1102 1019 865 959 1090 986 1178 1128 1175 1193 1169 1317 1199 999 1080 983 1453 1614 1384 1512 1536 1347 1501 1653 1702 1626
1529 1522 1505 1108 1115 1206 1196 1569 1474 1421 1669 523 377 437 373 294 271 312 369 458 480 582 0 102 198 104 197 222 350 149 292 848 1059 966 1086 596 1087 748 781 801 850 1112 1196 1094 1085 1089 1161 1018 936 948 855 842 828 1077 1110 1095 1244 1194 1312 1292 1347 1699 1229 1006 921 996 1077 850 837 1307 1378 1441 1442 1360 1206 1294 1425 1321 1513 1412 1459 1476 1453 1601 1482 1283 1364 1267 1737 1897 1667 1795 1820 1630 1784 1936 1985 1909
1463 1456 1439 1042 1049 1140 1130 1503 1408 1355 1603 449 411 471 426 328 305 320 395 398 535 615 98 0 130 158 196 221 284 180 331 817 1028 956 1054 650 1117 717 750 770 819 1081 1165 1063 1054 1058 1111 987 905 917 824 811 797 1046 1044 1029 1178 1128 1246 1226 1316 1668 1198 975 890 930 1011 819 806 1276 1338 1410 1410 1329 1175 1263 1394 1290 1482 1346 1393 1410 1387 1535 1416 1217 1298 1201 1671 1831 1601 1729 1754 1564 1718 1870 1919 1843
1488 1481 1464 1067 1074 1166 1155 1528 1433 1380 1628 430 509 571 504 429 395 394 476 423 611 640 195 126 0 237 277 294 309 226 377 842 1053 981 1080 727 1142 742 775 795 844 1106 1190 1088 1079 1083 1136 1012 930 942 849 836 822 1071 1069 1054 1203 1153 1271 1251 1341 1693 1223 1000 915 955 1036 844 831 1301 1363 1435 1436 1354 1200 1288 1419 1315 1507 1371 1418 1435 1412 1560 1441 1242 1323 1226 1696 1856 1626 1754 1779 1589 1743 1895 1944 1869
1518 1512 1495 1098 1105 1196 1185 1559 1464 1410 1659 550 319 377 310 237 214 260 316 433 417 519 101 154 231 0 159 198 375 166 275 791 1002 903 1028 533 1024 691 724 744 793 1055 1138 1037 1027 1032 1104 961 879 891 798 785 770 1020 1100 1085 1234 1184 1302 1282 1290 1642 1172 949 864 985 1066 792 779 1249 1320 1384 1384 1302 1148 1237 1367 1263 1456 1402 1449 1466 1442 1591 1472 1272 1354 1257 1726 1887 1657 1785 1810 1620 1774 1926 1975 1899
1434 1427 1410 1014 1021 1112 1101 1474 1379 1326 1574 478 267 351 311 212 173 176 233 349 446 495 193 192 271 153 0 113 303 304 392 743 954 882 981 560 1027 644 676 697 745 1007 1091 989 980 985 1056 913 831 843 750 738 723 972 1015 1000 1149 1099 1217 1197 1242 1594 1124 901 816 901 982 745 732 1202 1273 1337 1337 1255 1101 1189 1320 1216 1408 1317 1364 1381 1358 1506 1387 1188 1269 1172 1642 1803 1573 1700 1725 1535 1690 1841 1891 1815
1350 1344 1326 930 937 1028 1017 1391 1296 1242 1491 496 256 339 350 251 175 112 217 265 485 454 218 217 288 191 111 0 294 333 431 690 901 829 927 597 987 590 623 643 692 954 1038 936 927 931 998 860 778 790 697 684 670 919 932 917 1065 1016 1134 1113 1189 1541 1071 848 763 817 898 692 679 1148 1219 1283 1283 1201 1047 1136 1267 1163 1355 1233 1281 1298 1274 1422 1304 1104 1185 1088 1558 1719 1489 1617 1641 1452 1606 1758 1807 1731
1206 1200 1182 786 793 884 873 1247 1152 1098 1347 574 341 292 378 446 395 344 313 142 515 359 597 572 595 569 488 403 0 711 654 561 772 700 798 518 861 461 493 514 563 825 908 807 797 802 854 731 649 661 568 555 540 790 788 773 922 872 990 969 1060 1412 942 719 634 673 754 562 549 1019 1082 1154 1154 1072 918 1007 1137 1033 1226 1090 1137 1154 1130 1278 1160 960 1041 944 1414 1575 1345 1473 1497 1308 1462 1614 1663 1587
1635 1628 1611 1214 1221 1312 1302 1675 1580 1527 1775 621 464 491 425 367 359 405 462 569 532 634 145 176 220 159 293 330 455 0 291 934 1145 1018 1171 647 1139 834 866 887 935 1198 1281 1180 1170 1175 1247 1104 1022 1033 941 928 913 1162 1216 1201 1350 1300 1418 1398 1433 1785 1314 1092 1006 1102 1183 935 922 1392 1463 1527 1527 1445 1291 1380 1510 1406 1599 1518 1565 1582 1559 1707 1588 1389 1470 1373 1843 2003 1773 1901 1926 1736 1890 2042 2091 2015
1541 1534 1517 1121 1128 1219 1208 1581 1486 1433 1681 760 384 368 329 282 285 421 392 517 304 501 288 327 371 269 389 428 604 262 0 809 1020 875 1046 489 996 709 742 762 811 1073 1157 1055 1045 1050 1122 979 897 909 816 803 789 1038 1122 1107 1256 1206 1324 1304 1308 1660 1190 967 882 1008 1089 811 798 1267 1338 1402 1402 1320 1166 1255 1385 1282 1474 1424 1471 1488 1465 1613 1494 1295 1376 1279 1749 1909 1680 1807 1832 1642 1797 1948 1998 1922
1223 1217 1200 803 753 901 890 1264 1169 1116 1364 807 458 455 540 596 572 588 501 531 677 507 814 821 844 753 702 648 684 876 804 0 275 146 247 648 328 372 163 372 445 709 793 691 682 686 758 615 533 545 452 439 425 674 803 790 939 889 1007 987 707 1040 606 518 510 690 771 288 369 897 973 1035 1034 951 797 891 1022 918 1110 1107 1154 1171 1147 1296 1177 977 1039 962 1390 1592 1362 1490 1515 1325 1479 1631 1680 1604
1435 1428 1411 1014 945 1112 1102 1475 1380 1327 1575 1019 669 666 751 807 783 799 712 742 888 724 1025 1032 1055 964 913 859 895 1087 1015 273 0 327 106 852 286 584 341 546 564 746 801 702 693 647 806 653 650 610 569 556 535 791 876 937 1011 1011 1103 1108 595 979 382 410 608 902 880 239 405 904 979 1042 1040 957 803 802 952 819 1116 1250 1365 1315 1294 1439 1219 1139 1045 1169 1396 1705 1527 1701 1726 1536 1690 1842 1891 1760
1368 1361 1344 947 898 1046 1035 1408 1313 1260 1508 952 602 589 638 714 716 732 645 675 662 506 958 966 988 897 846 792 828 989 863 144 257 0 220 553 217 511 284 493 566 830 914 812 802 807 879 736 654 666 573 560 546 795 924 934 1083 1033 1151 1131 674 1008 574 639 631 835 903 409 489 1018 1094 1156 1155 1072 918 1012 1143 948 1231 1251 1298 1315 1292 1440 1321 1122 1160 1106 1511 1736 1507 1634 1659 1469 1623 1775 1824 1749
1461 1454 1437 1041 991 1139 1128 1501 1406 1353 1601 1045 696 692 777 834 809 825 739 769 854 698 1051 1059 1082 991 939 885 921 1113 1041 245 102 217 0 745 179 610 377 586 659 844 899 800 791 745 904 751 747 708 666 653 639 888 974 1027 1110 1109 1201 1207 539 872 411 508 715 928 987 337 512 1002 1078 1140 1139 1056 902 901 1050 812 1215 1344 1391 1408 1385 1533 1317 1215 1144 1199 1495 1803 1600 1727 1752 1562 1717 1868 1878 1756
1404 1398 1381 984 991 1082 1071 1445 1350 1297 1545 807 386 312 356 432 444 533 444 503 167 250 592 646 721 526 558 593 683 618 485 646 780 548 720 0 674 573 605 626 674 936 1020 919 909 914 986 842 761 772 680 667 652 901 986 971 1120 1070 1188 1168 1162 1495 1053 831 745 871 953 674 661 1125 1200 1263 1261 1178 1024 1119 1249 1145 1337 1288 1335 1352 1328 1477 1358 1158 1240 1143 1612 1773 1543 1671 1696 1506 1660 1812 1861 1785
1539 1532 1515 1119 1069 1217 1206 1579 1484 1431 1679 1123 774 709 759 834 875 903 817 847 782 626 1084 1137 1159 1018 1017 963 999 1110 984 326 282 212 153 663 0 672 459 667 740 842 891 792 783 737 902 863 829 828 748 735 720 970 976 1038 1102 1101 1193 1199 527 860 427 663 806 1006 1077 517 664 994 1069 1132 1131 1047 894 893 1042 800 1206 1341 1469 1405 1384 1530 1309 1229 1136 1260 1487 1795 1617 1805 1830 1640 1795 1946 1866 1744
1195 1189 1171 775 467 873 862 1236 1141 1087 1336 759 410 406 491 548 523 540 453 483 629 465 765 773 796 705 653 599 635 827 756 369 499 509 584 621 665 0 304 220 265 610 736 635 625 630 619 532 394 488 396 383 366 535 664 695 857 816 942 890 888 1240 769 547 261 662 533 390 377 841 916 979 978 894 741 835 965 861 1054 1079 1126 1143 1119 1268 1149 886 983 889 1334 1564 1334 1462 1487 1297 1451 1603 1652 1576
1225 1218 1201 804 728 902 892 1265 1170 1117 1365 809 459 456 541 597 573 589 502 532 678 514 815 822 845 754 703 649 685 877 805 161 257 282 346 670 452 281 0 252 325 590 673 572 562 567 639 496 414 425 333 320 305 555 684 746 877 846 966 946 795 1171 602 423 391 692 662 194 249 778 854 916 915 832 678 772 902 798 991 1108 1155 1172 1149 1297 1094 971 920 963 1271 1580 1363 1491 1516 1326 1480 1632 1681 1606
1253 1247 1229 713 528 931 920 1294 1199 1145 1394 763 414 411 496 552 528 544 457 487 633 469 770 777 800 709 658 604 640 832 760 370 461 490 551 625 661 197 249 0 76 527 632 531 521 526 537 450 312 385 292 251 183 452 582 626 775 744 864 820 784 1136 657 418 191 720 463 321 248 737 813 875 874 791 637 731 861 757 950 1084 1184 1148 1128 1273 1053 817 879 847 1230 1539 1360 1520 1545 1355 1509 1661 1710 1594
1232 1225 1208 668 483 910 899 1273 1178 1124 1373 834 485 481 566 623 598 614 528 558 704 539 840 848 871 780 728 674 710 902 830 443 480 563 569 696 734 242 322 75 0 482 634 533 523 528 492 405 267 386 294 206 138 407 537 581 730 699 819 775 786 1138 663 424 146 694 418 340 254 739 815 877 876 793 639 733 863 759 952 1084 1162 1148 1130 1275 1055 772 881 802 1232 1541 1362 1499 1523 1333 1488 1640 1689 1596
995 977 986 561 583 660 663 1033 960 888 1129 1116 751 747 832 889 864 881 794 794 970 814 1110 1118 1143 1052 997 944 977 1197 1109 742 750 863 849 973 846 610 623 529 484 0 220 106 204 252 73 143 235 199 282 374 347 279 183 248 312 314 405 416 515 848 498 374 387 461 333 615 440 375 380 455 515 499 345 443 564 470 633 705 952 729 710 850 639 528 504 550 888 1225 956 1241 1279 1113 1263 1392 1449 1214
964 946 931 639 661 629 606 977 905 833 1086 1214 849 845 930 986 962 978 891 861 1068 911 1207 1215 1241 1150 1095 1042 1074 1295 1207 840 819 961 918 1071 910 732 721 641 643 216 0 197 176 227 218 339 428 363 403 505 540 442 219 251 254 256 333 357 576 724 561 468 579 529 412 713 537 195 202 277 336 317 170 271 389 347 438 527 775 551 532 672 461 471 326 493 710 1029 778 1063 1168 1082 1232 1252 1328 1036
1048 1030 1039 635 657 713 690 1085 1013 941 1182 1100 735 731 817 873 848 865 778 808 954 798 1094 1102 1127 1036 981 928 961 1181 1093 727 708 848 807 957 799 618 607 528 530 102 185 0 114 152 163 202 304 201 285 391 415 348 210 277 338 341 431 443 468 747 450 345 455 535 407 599 424 352 358 433 489 407 253 342 472 369 561 682 931 707 688 828 617 555 482 577 858 1150 933 1219 1324 1166 1316 1402 1449 1191
1064 1046 1055 692 714 729 706 1102 1029 957 1198 1105 740 737 822 878 854 870 783 813 959 803 1099 1107 1132 1042 987 933 966 1187 1099 732 714 853 813 962 804 624 613 533 535 200 157 108 0 119 243 297 403 267 295 397 468 447 257 324 356 357 446 457 472 715 456 360 554 592 464 605 429 322 363 438 456 374 220 310 440 336 528 687 936 712 692 833 622 571 487 593 826 1117 938 1224 1329 1182 1332 1369 1416 1174
1126 1108 1108 754 776 791 768 1155 1082 1011 1260 1104 739 736 821 877 853 869 782 812 958 802 1098 1106 1131 1041 986 933 965 1186 1098 731 661 852 760 961 751 623 612 532 534 248 209 146 98 0 305 307 423 267 295 397 467 479 319 386 417 419 508 519 419 689 403 354 562 654 526 602 426 318 389 453 453 371 217 293 436 310 525 704 953 728 709 850 637 633 504 655 823 1114 955 1240 1346 1244 1394 1366 1413 1171
969 951 959 535 557 634 639 1006 933 862 1102 1145 793 790 875 931 907 923 836 767 1012 856 1152 1147 1172 1095 1040 986 1006 1240 1152 785 809 906 908 1015 905 615 666 534 489 66 206 158 222 291 0 188 241 257 324 379 352 284 158 221 296 298 389 400 575 901 557 433 392 435 307 658 483 373 378 453 513 510 360 461 579 522 631 703 926 727 708 848 637 512 502 534 886 1223 954 1229 1252 1086 1236 1365 1422 1212
1050 1032 1040 616 615 715 720 1087 1014 943 1183 1030 665 661 746 803 778 794 708 738 884 727 1024 1032 1057 966 911 858 891 1111 1023 656 665 777 763 887 868 540 537 457 415 139 326 197 276 293 184 0 166 102 169 276 278 211 239 302 431 401 518 504 537 903 519 289 317 516 347 529 353 494 498 574 634 562 408 498 628 524 716 823 1007 847 828 969 758 612 623 634 1007 1305 1074 1310 1333 1167 1317 1446 1503 1332
1066 1048 1056 632 508 731 736 1103 1030 959 1199 917 552 548 633 690 665 682 595 625 771 615 911 919 944 853 798 745 778 998 910 543 640 664 748 774 839 373 424 293 248 238 424 310 392 412 247 160 0 191 131 138 110 188 295 358 487 457 574 560 671 1022 619 368 150 532 323 416 242 592 596 672 732 682 528 617 747 643 835 921 1023 945 926 1067 856 668 721 690 1105 1420 1172 1326 1349 1183 1333 1462 1519 1430
1126 1108 1117 692 675 791 796 1164 1091 1019 1260 963 598 595 680 736 712 728 641 671 817 661 957 965 990 900 845 791 824 1045 957 590 625 711 724 820 844 482 471 391 393 195 350 196 246 253 253 90 171 0 109 255 295 272 316 379 493 478 586 581 513 863 495 250 337 592 407 463 287 470 523 599 605 523 369 458 588 484 676 848 1083 872 853 993 782 689 647 711 974 1266 1099 1384 1410 1244 1394 1518 1564 1323
1141 1123 1132 707 625 806 811 1179 1106 1034 1275 866 500 497 582 638 614 630 543 573 719 563 859 867 892 802 747 694 726 947 859 492 591 613 696 723 788 384 373 293 295 277 384 280 273 280 323 157 112 99 0 155 195 264 371 434 562 533 650 636 539 890 521 236 266 607 399 367 192 497 568 632 632 550 396 485 615 512 703 883 1098 907 888 1028 816 744 682 766 1001 1293 1134 1401 1425 1259 1409 1538 1591 1350
1196 1178 1186 762 615 861 866 1233 1161 1089 1329 839 474 471 556 612 588 604 517 547 693 537 833 841 866 776 721 668 700 921 833 466 558 587 666 696 762 358 347 256 213 368 487 385 376 382 378 264 152 239 146 0 114 318 425 488 617 588 705 690 641 992 541 302 257 662 454 334 164 599 670 734 734 652 498 587 717 614 806 985 1153 1009 990 1131 918 799 785 821 1103 1395 1236 1456 1480 1313 1463 1593 1649 1452
1186 1168 1176 712 542 851 856 1223 1151 1079 1319 813 448 444 529 585 561 577 490 520 667 510 806 814 840 749 694 641 673 894 806 439 529 560 636 670 735 331 320 181 136 358 545 430 464 469 368 281 143 297 205 114 0 308 415 479 607 578 695 680 727 1079 619 380 187 652 444 305 210 686 717 792 821 739 585 674 804 700 893 1041 1143 1066 1046 1187 976 789 841 811 1191 1482 1292 1446 1470 1303 1454 1583 1639 1539
904 886 894 470 426 569 574 941 868 797 1037 1080 731 728 813 869 845 861 774 702 950 794 1090 1082 1107 1033 978 925 941 1178 1090 723 820 844 927 954 1019 553 604 472 427 275 432 347 430 465 285 201 163 263 261 310 289 0 274 243 417 368 485 457 714 1074 697 461 323 370 158 596 421 599 577 679 739 734 580 669 799 696 857 804 861 828 820 964 853 536 728 558 1112 1258 1048 1164 1187 1021 1171 1300 1357 1273
900 882 891 466 488 565 543 937 865 793 1034 1076 809 805 891 947 922 898 852 698 1028 872 1144 1078 1103 1110 1045 961 937 1250 1167 829 881 950 980 1031 982 659 710 578 533 175 207 205 236 304 159 244 270 310 367 416 396 264 0 125 246 197 314 300 651 914 633 506 436 366 238 702 527 374 378 453 513 511 365 466 584 536 632 686 857 710 707 848 637 408 502 430 886 1185 939 1160 1184 1018 1168 1297 1354 1197
873 855 864 451 473 538 492 910 838 766 1007 1061 794 790 875 932 907 883 837 683 1013 856 1129 1063 1088 1095 1030 946 922 1235 1152 815 944 959 1043 1016 1045 700 773 631 586 243 239 272 303 371 226 307 333 373 430 480 459 239 123 0 218 169 286 272 714 950 696 569 451 351 213 765 590 405 378 485 545 543 397 497 616 573 664 625 818 649 701 796 668 357 534 379 918 1148 878 1116 1157 991 1141 1270 1327 1136
927 909 918 602 625 592 543 965 892 821 1061 1202 935 931 1016 1072 1048 1023 977 824 1154 997 1270 1204 1229 1236 1170 1087 1063 1376 1293 956 1012 1100 1111 1157 1103 853 904 772 727 304 242 334 334 403 295 428 463 484 560 610 589 404 243 214 0 136 163 205 770 896 754 659 616 492 378 896 721 315 200 336 396 437 344 443 561 519 545 585 788 609 590 731 520 357 385 430 769 1118 836 1086 1211 1045 1195 1289 1381 1094
879 852 869 521 541 542 422 916 844 772 1012 1153 886 882 968 1024 999 975 929 775 1105 949 1221 1155 1180 1187 1122 1038 1014 1327 1244 907 1014 1052 1112 1108 1104 817 873 742 697 307 244 336 336 404 297 407 433 473 530 580 559 356 194 165 135 0 195 129 772 956 756 660 567 443 276 865 691 411 300 437 496 538 402 502 621 578 646 503 697 527 579 674 554 266 434 309 817 1026 756 995 1122 996 1146 1198 1315 1014
994 976 922 669 691 659 595 969 897 825 1077 1268 1001 998 1083 1139 1114 1090 1044 891 1220 1064 1336 1270 1295 1303 1237 1153 1129 1442 1360 1023 1103 1167 1201 1223 1193 934 990 859 814 397 321 427 425 493 388 520 550 576 647 697 676 473 312 282 147 192 0 113 861 900 845 749 684 558 447 982 808 316 201 337 397 438 349 447 566 523 546 518 712 543 566 690 521 281 386 483 770 1042 772 1010 1137 1079 1229 1213 1330 1030
980 900 842 608 617 628 508 889 816 744 997 1254 987 983 1068 1125 1100 1076 1030 876 1206 1050 1322 1256 1281 1288 1223 1139 1115 1428 1345 1008 1114 1153 1213 1209 1205 896 976 826 781 408 344 438 436 505 399 510 536 576 633 682 662 453 297 268 190 125 112 0 872 952 856 760 647 544 352 968 793 368 252 388 448 489 400 498 617 575 597 438 631 462 485 609 481 201 360 396 744 961 691 929 1057 998 1149 1132 1250 949
1444 1438 1408 1015 1021 1122 1104 1472 1377 1324 1584 1332 983 979 1064 1121 1096 1113 1026 1056 1202 1038 1338 1346 1369 1278 1227 1172 1208 1400 1329 705 591 672 513 1151 520 843 792 772 776 511 557 462 451 405 571 533 652 497 528 640 710 687 645 707 769 769 861 866 0 612 328 484 801 907 768 585 619 640 734 779 741 659 518 469 618 371 810 987 1277 1051 1031 1176 956 897 782 927 1091 1372 1229 1532 1657 1516 1678 1620 1601 1447
1650 1436 1353 1329 1336 1327 1274 1245 1322 1269 1529 1684 1335 1331 1417 1473 1448 1465 1378 1408 1554 1390 1690 1698 1721 1630 1579 1524 1560 1752 1681 1039 975 1005 846 1484 853 1195 1168 1124 1128 844 708 741 693 674 900 890 1003 847 879 991 1062 1049 912 946 881 953 900 946 605 0 738 901 1152 1210 1101 985 1022 623 748 690 604 524 549 494 413 387 528 932 1222 996 976 1028 738 1015 727 1112 809 1060 948 1239 1363 1204 1366 1309 1243 1121
1447 1429 1438 1014 1035 1112 1112 1485 1412 1340 1581 1262 897 893 978 1035 1010 1026 940 970 1116 959 1255 1264 1289 1198 1143 1090 1122 1343 1255 650 426 618 455 1106 471 780 627 664 670 504 568 457 463 410 563 526 655 502 528 548 631 701 637 700 761 762 851 863 337 755 0 368 720 914 767 495 451 658 729 793 793 711 557 553 738 568 865 1044 1293 1068 1049 1190 977 977 844 999 1163 1454 1295 1581 1686 1565 1715 1706 1694 1511
1326 1308 1317 892 843 991 996 1363 1291 1219 1459 1029 664 660 745 801 777 793 706 736 883 726 1022 1030 1056 965 910 857 889 1110 1022 531 423 652 521 886 676 547 437 431 437 387 481 358 373 367 446 302 377 263 249 315 398 474 515 578 672 673 762 773 497 914 361 0 487 792 609 330 218 576 647 710 711 629 475 520 706 536 782 961 1210 986 966 1107 895 887 761 909 1080 1372 1212 1498 1603 1444 1594 1624 1662 1429
1111 1093 1102 543 374 776 781 1149 1076 1004 1245 922 557 553 639 695 670 687 600 630 776 620 916 924 949 858 803 750 783 1003 915 516 615 637 722 779 812 267 397 198 153 387 573 458 541 548 396 309 171 331 264 249 189 311 441 446 623 567 693 641 807 1157 714 474 0 577 294 390 305 740 745 820 880 817 663 752 882 779 971 994 1068 1018 1027 1165 1004 726 869 714 1253 1466 1247 1371 1395 1229 1379 1508 1565 1481
1295 1277 1285 871 791 960 965 1332 1260 1188 1428 709 442 438 523 580 555 531 485 331 661 504 777 711 736 743 678 594 570 883 800 463 674 608 701 664 779 413 464 518 563 872 956 854 845 849 921 778 696 708 615 602 588 837 862 847 996 946 1064 1044 1107 1459 989 766 634 0 839 607 597 1066 1137 1201 1201 1119 965 1054 1185 1081 1273 1209 1252 1233 1211 1355 1244 1065 1123 1025 1506 1649 1439 1555 1579 1412 1563 1692 1748 1664
873 855 864 333 263 538 543 911 838 767 1007 1050 782 779 864 920 896 871 825 672 1001 845 1118 1052 1077 1084 1018 935 911 1224 1141 792 890 913 998 1004 1088 543 673 474 429 329 408 405 443 512 310 337 299 398 396 446 425 154 243 208 386 272 448 346 777 1119 759 596 287 322 0 666 557 574 547 654 714 712 566 666 785 742 833 699 831 723 775 870 750 431 629 453 1013 1222 952 1134 1157 991 1141 1270 1327 1210
1367 1361 1343 905 721 1045 1034 1408 1313 1259 1508 893 544 541 626 682 657 674 587 617 763 599 900 907 930 839 788 733 770 961 890 286 227 407 235 755 510 371 191 320 338 602 686 584 574 579 651 508 426 438 345 332 311 567 696 758 889 858 978 958 663 1064 451 317 384 834 656 0 180 790 866 928 927 844 690 781 914 798 1003 1137 1298 1201 1181 1326 1106 983 932 1013 1283 1592 1414 1634 1659 1469 1623 1775 1824 1647
1285 1279 1262 820 635 963 952 1326 1231 1178 1426 830 481 478 563 619 594 611 524 554 700 536 837 844 867 776 725 670 707 898 827 367 320 487 410 692 658 342 246 244 253 435 519 417 408 412 481 341 256 271 181 162 217 397 527 588 720 688 808 788 619 1022 444 205 298 748 547 144 0 623 699 761 760 677 523 617 747 643 836 970 1216 1034 1014 1159 939 813 765 844 1116 1425 1247 1549 1577 1387 1541 1674 1713 1480
1105 892 809 784 791 783 730 873 778 725 985 1307 942 939 1024 1080 1056 1072 985 1015 1161 1005 1298 1305 1328 1237 1186 1132 1168 1360 1288 934 910 1055 1008 1164 1000 826 815 735 737 371 183 347 300 304 372 489 568 454 486 597 669 592 371 402 301 408 316 362 647 625 652 563 729 665 556 805 629 0 160 169 187 157 126 225 287 301 278 388 678 453 432 577 357 471 183 567 554 870 665 968 1070 964 1118 1118 1157 918
1072 889 806 751 758 750 682 870 775 722 982 1360 1013 1010 1095 1151 1127 1143 1056 982 1232 1076 1369 1358 1381 1308 1257 1203 1221 1431 1359 1005 981 1126 1079 1235 1071 897 886 806 808 376 189 353 341 375 377 494 573 514 557 668 699 565 375 374 185 298 201 246 736 749 723 634 734 632 528 876 700 158 0 181 241 282 216 314 411 390 390 385 675 449 429 574 355 424 180 506 596 963 662 965 1066 960 1115 1152 1204 937
1087 814 731 826 870 781 651 795 700 647 907 1442 1077 1074 1159 1215 1190 1207 1120 1095 1296 1140 1433 1440 1463 1372 1321 1266 1303 1494 1423 1069 1045 1190 1143 1299 1135 961 950 870 872 451 264 428 417 439 453 569 648 589 621 732 774 672 451 481 321 434 337 382 781 693 786 697 809 745 635 940 764 166 179 0 161 225 261 360 355 436 309 310 600 374 354 499 278 393 105 544 519 888 587 889 991 885 1040 1077 1129 861
1176 903 819 915 930 870 740 884 789 735 996 1442 1077 1074 1159 1215 1191 1207 1120 1150 1296 1140 1433 1440 1463 1372 1321 1267 1303 1495 1423 1069 1045 1190 1143 1299 1135 961 950 870 872 511 324 483 435 439 512 629 708 589 621 732 804 731 510 541 381 494 397 442 745 609 787 698 869 804 695 940 764 185 239 146 0 117 247 312 225 399 178 399 689 463 443 588 367 481 194 633 454 770 593 896 1020 914 1076 1018 1057 818
1241 969 885 921 928 920 806 918 854 801 1062 1360 995 992 1077 1133 1109 1125 1038 1068 1214 1058 1351 1358 1381 1290 1239 1185 1221 1413 1341 987 963 1108 1061 1217 1053 879 868 788 790 495 301 401 353 357 509 550 663 507 539 650 722 709 509 539 422 535 438 483 665 529 705 616 812 803 693 858 682 155 280 220 113 0 165 232 191 319 205 465 755 529 508 654 411 547 260 698 482 797 620 923 1048 941 1103 1046 1084 845
1096 971 888 775 782 774 734 952 857 804 1064 1206 841 838 923 979 955 971 884 914 1060 904 1197 1204 1227 1136 1085 1031 1067 1259 1187 833 809 954 907 1063 899 725 714 634 636 341 154 247 199 203 359 396 509 353 385 496 568 555 362 393 330 399 349 394 521 553 551 462 658 656 547 704 528 120 214 258 242 159 0 100 218 176 318 467 757 531 511 656 436 527 262 558 599 908 738 1040 1148 1042 1197 1157 1195 962
1212 1074 1016 887 909 877 854 1063 990 919 1171 1297 932 928 1013 1070 1045 1062 975 1005 1151 995 1291 1299 1324 1233 1178 1125 1158 1378 1290 923 804 1042 903 1154 894 815 804 725 726 445 273 344 311 295 463 499 615 460 487 589 659 671 467 499 444 504 449 500 471 496 546 507 754 777 660 783 619 227 316 361 314 234 101 0 225 119 379 612 861 636 617 758 545 680 412 741 677 940 818 1103 1231 1115 1273 1192 1181 1019
1367 1139 1081 1042 1064 1032 990 964 1055 984 1236 1463 1098 1095 1180 1236 1212 1228 1141 1171 1317 1161 1457 1465 1490 1400 1345 1291 1324 1545 1457 1090 989 1211 1088 1320 1080 982 971 891 893 602 427 510 477 474 617 665 781 626 653 755 826 837 622 654 599 659 604 655 656 451 731 693 920 931 814 961 785 325 449 393 263 229 256 223 0 310 239 677 926 701 682 741 471 745 477 896 538 791 678 964 1091 966 1124 1043 1031 870
1272 1145 1062 951 958 950 911 1126 1031 978 1238 1306 956 953 1038 1094 1070 1086 999 1029 1175 1011 1312 1320 1342 1251 1200 1146 1182 1374 1302 946 816 945 787 1167 794 817 826 746 749 465 331 363 315 296 521 512 624 469 501 612 683 671 533 569 504 576 523 569 364 365 561 523 774 833 724 762 643 295 388 433 395 314 172 117 273 0 465 642 932 706 685 830 610 704 436 735 745 1026 884 1187 1311 1170 1332 1275 1255 1102
1335 1028 971 1048 1083 994 880 750 945 873 1126 1523 1159 1159 1244 1297 1276 1289 1213 1248 1380 1220 1516 1524 1550 1459 1404 1351 1383 1604 1516 1149 1125 1270 1223 1380 1215 1041 1030 950 952 642 446 569 537 533 640 725 840 685 712 814 885 863 641 672 554 654 555 606 819 537 874 791 980 950 833 1020 845 287 399 314 187 214 327 388 248 473 0 567 726 565 492 526 257 634 366 836 323 634 464 749 877 809 967 886 932 672
731 458 374 594 783 425 295 439 344 290 551 1410 1142 1139 1224 1280 1256 1231 1185 1032 1361 1205 1477 1411 1437 1444 1378 1294 1270 1583 1501 1164 1295 1308 1394 1364 1386 1114 1165 1121 1123 700 514 678 666 690 702 818 898 839 872 983 1024 800 683 621 571 499 518 437 1032 977 1037 948 987 681 689 1191 1015 433 430 355 444 510 512 610 639 687 562 0 253 116 250 287 320 435 199 399 583 690 403 595 641 560 710 806 895 661
657 385 301 742 891 573 443 291 271 217 478 1494 1227 1223 1308 1364 1340 1315 1269 1116 1445 1289 1562 1496 1521 1528 1462 1379 1355 1668 1585 1248 1459 1392 1486 1449 1563 1198 1249 1303 1268 949 763 926 915 938 951 1067 1063 1087 1121 1210 1189 921 877 815 771 693 712 630 1281 1226 1286 1197 1126 766 882 1392 1264 682 679 604 693 758 761 859 888 935 721 221 0 291 384 273 569 628 448 547 695 643 485 385 430 486 636 723 822 695
848 575 492 712 831 542 413 556 461 408 668 1434 1166 1163 1248 1304 1280 1255 1209 1056 1385 1229 1502 1436 1461 1468 1402 1319 1295 1608 1525 1188 1320 1332 1418 1388 1410 1138 1189 1145 1147 725 538 702 690 714 726 843 922 863 896 1007 1048 824 708 645 595 523 542 461 1056 1001 1062 973 1011 706 713 1215 1039 458 454 379 468 534 536 635 663 711 560 71 287 0 171 191 344 459 223 517 535 611 324 574 701 677 827 777 894 582
981 709 625 802 809 676 546 545 594 541 802 1412 1144 1141 1226 1282 1258 1233 1187 1034 1363 1207 1480 1414 1439 1446 1380 1296 1272 1585 1503 1166 1300 1310 1399 1366 1391 1116 1167 1126 1128 705 519 683 671 695 707 823 903 844 877 988 1029 839 705 697 576 575 565 484 1037 982 1042 953 1044 684 765 1196 1020 439 435 360 449 515 517 615 644 692 487 205 380 166 0 173 325 481 204 650 472 554 267 552 680 737 863 741 852 525
926 653 570 835 953 666 536 441 539 486 746 1555 1288 1284 1370 1426 1401 1377 1331 1177 1507 1351 1623 1557 1582 1589 1524 1440 1416 1729 1646 1309 1441 1454 1540 1510 1531 1259 1311 1266 1268 846 660 823 812 835 847 964 1043 984 1018 1129 1169 971 846 792 716 670 689 608 1178 1030 1183 1094 1158 827 860 1337 1161 579 576 501 590 655 658 756 703 832 521 242 269 184 154 0 400 606 345 640 495 571 285 452 579 636 777 654 772 543
1052 779 696 835 842 746 616 615 665 612 872 1444 1177 1173 1259 1315 1290 1266 1220 1067 1396 1240 1512 1446 1471 1478 1413 1329 1305 1618 1535 1199 1229 1343 1327 1399 1319 1145 1134 1054 1056 635 448 612 601 623 636 753 832 773 805 916 958 851 634 665 505 550 521 480 965 760 971 882 993 716 740 1124 948 367 365 288 376 433 445 544 434 620 252 275 565 339 319 398 0 449 135 651 261 606 338 623 751 780 931 809 919 593
773 741 810 403 559 432 296 875 780 726 914 1269 1001 998 1083 1139 1115 1090 1044 891 1220 1064 1337 1271 1296 1303 1237 1153 1129 1443 1360 1023 1228 1167 1260 1223 1319 973 1024 906 861 521 459 550 550 619 511 618 644 684 741 791 770 532 406 353 340 262 281 200 986 1045 970 874 720 541 421 1076 902 501 454 423 511 577 580 678 707 754 629 390 624 454 475 602 439 0 328 201 712 919 688 926 1054 995 1145 1129 1246 934
931 658 575 714 721 625 496 639 544 491 751 1324 1056 1053 1138 1194 1170 1145 1099 946 1275 1119 1391 1325 1351 1358 1292 1208 1184 1497 1415 1078 1095 1222 1194 1278 1185 1011 1000 920 922 500 314 477 466 489 501 618 697 638 672 783 823 720 500 530 370 430 386 359 832 777 837 748 858 596 619 991 815 233 230 155 244 309 312 410 439 486 361 154 444 218 198 343 125 298 0 530 397 737 450 736 841 760 910 924 1035 708
581 548 669 207 398 239 104 733 638 585 722 1214 947 943 1029 1085 1060 1036 990 837 1166 1010 1282 1216 1241 1248 1183 1099 1075 1388 1305 969 1180 1113 1206 1169 1284 895 970 894 849 543 481 572 572 641 533 640 666 706 763 813 792 554 428 375 427 305 483 390 1008 1193 992 896 707 486 443 1086 924 648 587 624 713 779 639 739 858 815 831 367 543 510 635 637 641 111 519 0 913 1013 803 890 935 854 1004 1093 1190 1061
1307 1019 950 1097 1104 1009 879 711 902 866 1127 1707 1439 1436 1521 1577 1553 1528 1482 1329 1658 1502 1775 1709 1734 1741 1675 1592 1568 1881 1798 1438 1414 1559 1512 1662 1504 1330 1319 1239 1241 884 697 852 804 808 885 1001 1081 959 990 1102 1173 1104 883 914 754 813 770 743 1108 827 1156 1067 1242 979 1002 1309 1134 572 614 537 472 499 616 675 500 762 318 538 690 528 453 494 239 682 390 833 0 376 261 450 577 577 686 564 675 348
1102 797 746 1208 1247 1009 909 648 716 662 923 1850 1583 1579 1664 1720 1696 1671 1625 1472 1801 1645 1918 1852 1877 1884 1818 1735 1711 2024 1941 1604 1705 1748 1803 1805 1795 1554 1605 1531 1533 1220 1014 1144 1096 1100 1222 1293 1406 1250 1282 1393 1465 1277 1182 1144 1100 1023 1042 960 1372 1060 1447 1359 1482 1122 1212 1601 1425 870 968 893 770 797 908 939 753 1026 630 644 627 604 534 570 584 889 730 1007 353 0 337 350 477 355 513 433 550 246
1096 823 740 998 1037 829 699 500 691 656 916 1640 1372 1369 1454 1510 1486 1461 1415 1262 1591 1435 1707 1641 1667 1674 1608 1524 1500 1813 1731 1394 1546 1538 1631 1594 1637 1344 1395 1372 1374 951 765 929 917 941 953 1069 1149 1090 1123 1234 1275 1053 937 874 822 752 772 690 1249 967 1288 1199 1240 912 942 1442 1266 684 681 606 613 640 757 816 641 903 459 358 479 317 248 283 315 658 443 797 237 331 0 404 532 537 646 524 635 308
960 688 604 1085 1194 899 786 365 556 520 781 1797 1530 1526 1611 1668 1643 1618 1573 1419 1749 1592 1865 1799 1824 1831 1766 1682 1658 1971 1888 1551 1762 1695 1789 1752 1867 1501 1552 1606 1571 1237 1051 1214 1203 1226 1238 1355 1366 1375 1408 1513 1492 1224 1175 1113 1068 991 1010 928 1534 1241 1574 1485 1429 1069 1180 1695 1551 970 967 892 898 925 1043 1101 926 1189 744 563 344 567 533 448 601 896 729 884 427 344 385 0 132 294 358 406 524 378
867 669 510 1130 1178 880 831 241 432 409 687 1780 1513 1509 1595 1651 1626 1602 1556 1403 1732 1576 1848 1782 1807 1814 1749 1665 1641 1954 1871 1535 1746 1679 1772 1735 1850 1484 1536 1589 1554 1291 1156 1319 1308 1331 1272 1353 1349 1419 1446 1496 1475 1208 1189 1160 1196 1118 1137 1056 1662 1368 1679 1590 1413 1052 1171 1678 1607 1075 1072 997 1026 1053 1154 1229 1054 1316 872 609 389 694 661 576 728 1024 834 929 554 472 512 124 0 165 315 528 589 506
808 503 451 1005 1012 714 751 336 421 367 628 1614 1347 1343 1428 1485 1460 1436 1390 1236 1566 1410 1682 1616 1641 1648 1583 1499 1475 1788 1705 1368 1580 1513 1606 1569 1684 1318 1370 1423 1388 1125 1076 1168 1167 1236 1105 1187 1183 1253 1280 1330 1309 1042 1023 994 1054 1004 1080 998 1546 1234 1576 1448 1247 886 1005 1512 1441 995 992 917 944 971 1074 1113 928 1200 804 528 446 671 718 632 758 958 754 849 553 355 518 286 159 0 190 394 451 389
971 666 614 1168 1175 877 914 487 584 530 791 1777 1510 1506 1591 1648 1623 1599 1553 1399 1729 1573 1845 1779 1804 1811 1746 1662 1638 1951 1868 1531 1742 1676 1769 1732 1847 1481 1533 1586 1551 1288 1239 1331 1330 1399 1268 1350 1346 1416 1443 1493 1472 1205 1186 1156 1217 1167 1243 1161 1733 1421 1739 1611 1410 1049 1168 1675 1604 1158 1155 1080 1131 1158 1237 1300 1115 1387 991 691 609 834 844 774 909 1121 917 1012 663 542 627 350 309 179 0 369 438 372
1114 809 758 1288 1318 1020 989 728 727 674 934 1920 1653 1650 1735 1791 1766 1742 1696 1543 1872 1716 1988 1922 1947 1955 1889 1805 1781 2094 2012 1675 1886 1819 1912 1875 1985 1624 1676 1729 1695 1425 1239 1396 1348 1352 1412 1493 1489 1502 1534 1636 1615 1348 1329 1300 1271 1194 1213 1131 1624 1312 1699 1611 1553 1192 1312 1819 1677 1122 1155 1080 1022 1049 1160 1191 1005 1278 882 774 707 770 722 651 786 1099 917 1087 540 433 504 404 523 369 343 0 210 250
1158 853 802 1355 1362 1064 1101 781 771 718 978 1965 1697 1694 1779 1835 1811 1786 1740 1587 1916 1760 2033 1967 1992 1999 1933 1849 1826 2139 2056 1719 1930 1863 1889 1919 1877 1669 1720 1774 1739 1475 1312 1442 1395 1398 1456 1537 1534 1549 1580 1680 1660 1392 1374 1344 1389 1311 1330 1249 1612 1254 1687 1648 1597 1237 1356 1863 1724 1168 1266 1191 1068 1095 1206 1179 994 1266 928 879 797 887 833 768 897 1216 1028 1199 651 550 615 521 580 413 400 207 0 361
1117 812 761 1255 1262 1023 957 700 730 677 938 1865 1597 1594 1679 1735 1711 1686 1640 1487 1816 1660 1933 1867 1892 1899 1833 1750 1726 2039 1956 1619 1763 1763 1777 1820 1765 1569 1620 1588 1590 1209 1023 1187 1153 1157 1211 1327 1407 1307 1339 1450 1522 1292 1195 1132 1080 1010 1030 948 1450 1138 1505 1416 1497 1137 1200 1658 1482 921 939 864 821 848 965 1017 832 1104 667 616 679 575 506 541 570 904 701 1055 324 246 288 376 501 372 346 247 299 0
