98 7
9640 760 5755 2865 8725 2555 805 4020 1370 1685 105 2170 2790 1080 1220 955 880 3755 9310 9065 5180 3845 1660 2025 4365 2115 3330 8770 3360 4045 7955 475 480 9080 6735 3290 15920 11060 5365 16090 20285 835 14735 5540 10260 15920 2400 10870 9605 7070 6155 6875 70 6970 6305 6860 6755 8805 3530 5860 2550 6290 4815 6350 11500 5940 255 705 11875 4625 995 4885 935 2585 5245 6035 6860 1545 220 5295 80 165 5220 9760 2000 11145 1205 935 1440 1675 1815 3640 2905 720 3425 1045 1560 835
0 182 178 123 339 555 283 1000 1152 1225 1327 259 518 813 710 921 1151 764 1160 1302 1344 1509 1587 1839 952 1058 1023 1429 1439 1296 1357 1230 1106 953 1184 1139 710 582 1495 672 659 884 688 644 634 804 913 635 594 647 713 574 799 413 551 491 541 318 264 388 397 324 433 483 625 519 500 510 700 972 698 1015 1587 1425 1605 1538 1666 1786 1574 1102 1006 1154 938 1125 1156 1049 1049 1119 1284 1241 1179 1308 1576 1427 1237 1412 1459 1478
175 0 326 290 496 644 440 1088 1165 1208 1324 356 558 756 764 864 1094 718 1114 1257 1298 1463 1541 1793 907 1013 978 1383 1393 1250 1294 1168 1044 891 1122 1076 648 520 1432 610 597 821 626 582 572 742 851 565 524 602 667 528 753 343 481 421 471 235 201 312 328 291 371 421 563 457 438 453 638 910 636 953 1524 1363 1543 1475 1604 1723 1512 1040 944 1092 875 1063 1093 987 987 1057 1221 1184 1122 1246 1526 1377 1175 1350 1397 1416
171 320 0 287 425 640 166 1085 1238 1311 1413 423 682 977 831 1085 1276 928 1324 1467 1508 1673 1751 2003 1117 1222 1187 1593 1603 1460 1517 1391 1267 1113 1345 1299 871 743 1655 833 820 1044 849 805 794 965 1074 778 738 811 877 738 963 556 694 635 685 482 428 552 558 488 594 644 786 680 661 674 861 1133 859 1176 1747 1586 1766 1698 1827 1946 1735 1263 1167 1315 1098 1286 1316 1210 1210 1280 1444 1405 1343 1469 1661 1513 1398 1573 1620 1639
116 284 281 0 313 457 257 903 1055 1128 1230 179 426 721 596 829 1059 816 1212 1355 1397 1562 1639 1891 1005 1111 1076 1482 1491 1348 1409 1283 1159 1005 1237 1191 763 635 1547 725 712 936 740 697 686 857 966 736 698 700 766 626 852 513 618 592 642 370 316 440 450 376 486 536 678 572 553 418 753 1025 751 929 1639 1478 1657 1590 1719 1838 1627 1155 1059 1207 990 1177 1208 1102 1056 1171 1336 1149 1088 1351 1479 1330 1290 1465 1512 1530
332 490 418 287 0 295 346 712 888 961 1039 315 492 689 479 893 913 1051 1448 1590 1632 1775 1863 2032 1214 1340 1267 1716 1687 1560 1550 1424 1300 1127 1371 1320 899 771 1666 861 848 1072 880 831 821 987 1066 948 908 935 1001 862 1087 707 849 802 849 606 551 643 589 573 625 682 824 718 699 485 897 1169 847 977 1725 1564 1800 1642 1774 1881 1720 1295 1203 1226 1133 1313 1346 1235 1076 1302 1419 1204 1149 1373 1316 1167 1431 1547 1594 1656
548 668 634 429 295 0 562 445 597 670 772 272 401 515 183 655 618 1125 1522 1664 1706 1849 1937 2106 1288 1414 1341 1790 1761 1634 1507 1381 1257 1084 1328 1277 856 728 1623 818 805 1030 837 788 778 944 1023 1046 1082 994 1075 935 1161 881 923 975 1022 640 544 600 546 530 582 639 781 675 656 442 854 1065 741 776 1453 1292 1583 1370 1502 1609 1534 1172 997 1101 990 1235 1224 1157 805 1224 1148 933 878 1078 1021 872 1252 1275 1322 1458
276 434 164 231 344 545 0 979 1155 1228 1306 434 662 882 682 1063 1180 995 1392 1534 1576 1719 1807 1976 1158 1283 1211 1660 1631 1504 1588 1462 1338 1165 1409 1358 937 809 1704 899 886 1110 918 869 859 1025 1104 892 852 879 945 805 1031 651 793 746 792 550 495 619 629 556 665 715 857 751 732 655 929 1202 919 1147 1818 1657 1832 1739 1871 1974 1753 1328 1236 1258 1166 1346 1379 1268 1246 1335 1503 1374 1320 1540 1583 1434 1464 1644 1691 1689
993 1112 1079 875 740 445 1007 0 178 335 402 717 768 612 455 473 359 1570 1966 2109 2151 2293 2382 2551 1733 1858 1786 2234 2206 2078 1952 1826 1702 1528 1773 1722 1301 1172 1375 1263 1249 1474 1282 1233 1222 1389 1468 1491 1527 1438 1520 1380 1606 1326 1368 1420 1466 1084 989 1044 990 974 1026 1084 1042 1041 968 758 946 805 694 624 1139 978 1269 1055 1188 1294 1220 913 738 842 730 975 964 897 545 964 848 674 553 743 685 537 975 961 1008 1144
1145 1189 1231 1028 892 597 1159 103 0 239 249 869 758 570 499 377 263 1647 2043 2186 2228 2370 2459 2628 1810 1935 1863 2311 2283 2155 2029 1903 1779 1605 1850 1799 1378 1249 1279 1340 1326 1551 1359 1310 1299 1466 1545 1568 1604 1515 1597 1457 1683 1403 1445 1497 1543 1161 1066 1121 1067 1051 1103 1000 955 955 881 672 851 709 599 528 1043 881 1173 959 1092 1198 1124 816 642 745 634 879 868 801 449 868 752 577 457 647 589 441 879 865 912 1048
1218 1232 1304 1100 965 670 1232 260 234 0 200 933 831 613 572 437 187 1690 2086 2229 2271 2413 2502 2671 1853 1978 1906 2354 2326 2198 2072 1946 1821 1648 1893 1841 1421 1292 1268 1383 1369 1594 1402 1353 1342 1509 1588 1611 1647 1558 1640 1500 1726 1446 1488 1540 1586 1204 1108 1164 1110 1094 1146 1043 998 998 924 715 894 751 642 570 860 699 990 776 909 1016 941 834 683 787 676 851 855 773 491 840 569 460 274 464 406 258 696 682 729 865
1320 1347 1406 1203 1067 772 1334 328 245 197 0 1045 933 728 674 552 303 1805 2202 2344 2386 2528 2617 2786 1968 2093 2021 2470 2441 2313 2187 2061 1937 1764 2008 1957 1536 1407 1383 1498 1485 1709 1517 1468 1457 1624 1703 1726 1762 1673 1755 1615 1841 1561 1603 1655 1701 1320 1224 1279 1226 1209 1261 1158 1113 1113 1040 830 1010 866 758 686 975 814 1105 892 1024 1131 1056 949 799 902 791 966 970 888 606 955 685 575 389 574 406 257 812 797 844 980
252 350 417 151 394 351 437 796 948 1012 1124 0 265 560 472 668 898 880 1277 1419 1461 1626 1704 1956 1043 1169 1096 1545 1555 1389 1317 1191 1067 894 1138 1087 666 537 1432 628 615 839 647 598 587 754 833 800 762 764 830 690 916 578 682 656 706 356 261 357 356 273 391 449 591 485 466 257 666 938 625 744 1492 1331 1571 1439 1568 1691 1540 1062 970 992 900 1080 1113 1002 842 1069 1186 971 916 1190 1329 1181 1198 1314 1361 1444
511 581 676 399 498 407 668 774 764 837 939 186 0 361 294 527 693 1039 1435 1578 1620 1785 1862 2114 1202 1327 1255 1703 1714 1547 1421 1295 1171 997 1242 1191 770 641 1476 732 718 943 751 702 691 858 937 960 996 907 989 849 1075 813 841 892 942 553 458 513 460 443 495 501 484 467 376 139 625 899 490 603 1351 1190 1486 1298 1427 1550 1466 1023 894 954 861 1041 1075 963 702 1030 1045 830 776 1049 1188 1039 1149 1173 1220 1389
776 780 940 693 758 549 952 646 604 647 763 481 355 0 295 303 533 1237 1634 1776 1818 1983 2061 2313 1400 1526 1453 1902 1913 1746 1619 1493 1369 1196 1440 1389 968 840 1307 930 917 1142 950 900 890 1056 1136 1158 1194 1106 1187 1048 1273 1011 1039 1090 1140 752 656 712 658 642 694 592 564 547 473 302 602 740 399 383 1128 966 1262 1075 1203 1327 1242 845 670 774 663 907 896 830 478 896 821 606 552 825 965 816 925 949 996 1165
702 788 824 568 549 253 752 491 535 607 710 393 288 260 0 418 568 1246 1642 1785 1827 1991 2069 2321 1409 1534 1462 1910 1921 1754 1628 1502 1377 1204 1449 1397 977 848 1442 939 925 1150 958 909 898 1065 1144 1167 1203 1114 1196 1056 1282 1020 1047 1098 1148 760 664 720 666 650 702 697 669 652 579 407 741 875 538 522 1263 1101 1397 1210 1338 1461 1377 980 805 909 798 1042 1031 964 613 1031 956 741 687 960 958 810 1060 1084 1131 1300
884 888 1048 801 901 672 1071 482 385 445 560 589 521 269 382 0 314 1345 1742 1884 1926 2091 2169 2421 1508 1634 1561 2010 2020 1854 1727 1601 1477 1304 1548 1497 1076 948 1105 1038 1025 1250 1057 1008 998 1164 1244 1266 1302 1214 1295 1156 1381 1119 1147 1198 1248 860 764 820 766 750 802 698 654 653 580 410 552 538 349 224 926 764 1060 873 1001 1125 1041 643 468 572 461 706 694 628 276 695 619 404 350 623 763 614 723 747 794 963
1114 1118 1269 1031 930 635 1197 376 279 202 317 819 687 499 532 306 0 1575 1972 2114 2156 2321 2399 2651 1738 1864 1791 2240 2250 2084 1957 1831 1707 1534 1778 1727 1306 1178 1207 1268 1255 1480 1288 1238 1228 1394 1474 1496 1532 1444 1525 1386 1611 1349 1377 1428 1478 1090 994 1050 996 980 1032 928 884 883 810 640 782 640 579 456 849 687 983 796 925 1048 964 745 570 674 563 808 796 730 378 796 558 449 266 547 519 370 685 671 718 886
766 701 920 799 1058 1122 973 1541 1641 1685 1775 855 1031 1166 1174 1336 1557 0 819 972 1029 1171 1260 1429 563 688 498 1112 1084 908 1087 860 880 712 812 856 607 697 1571 541 800 657 528 609 657 702 819 365 476 344 180 254 366 547 313 395 397 775 719 843 805 780 844 898 1038 925 855 928 1115 1387 1104 1409 1971 1802 2018 1924 2057 2160 1939 1513 1422 1444 1352 1532 1565 1454 1451 1520 1688 1647 1593 1719 1992 1850 1650 1763 1871 1875
1190 1125 1344 1223 1482 1546 1397 1965 2065 2109 2200 1279 1455 1590 1598 1760 1981 856 0 288 330 472 561 824 356 343 480 703 695 458 886 1155 906 731 699 681 1293 1266 2071 1180 1353 1045 1140 1146 1218 1104 1213 1108 1174 1047 1037 955 1199 1122 961 1042 1075 1201 1146 1270 1239 1207 1275 1325 1467 1361 1342 1352 1539 1811 1529 1833 2428 2267 2442 2349 2481 2584 2363 1937 1846 1868 1776 1956 1989 1878 1875 1945 2113 2071 2017 2150 2430 2281 2074 2254 2301 2299
1332 1267 1486 1366 1625 1688 1539 2108 2208 2251 2342 1421 1598 1733 1741 1902 2123 998 262 0 255 220 315 620 465 375 622 624 489 380 884 1259 1049 874 841 823 1435 1409 2213 1322 1495 1187 1283 1289 1361 1247 1356 1250 1316 1190 1179 1098 1341 1264 1103 1185 1218 1343 1289 1413 1381 1349 1417 1467 1609 1503 1485 1494 1682 1954 1671 1975 2571 2409 2585 2491 2624 2726 2505 2080 1988 2011 1918 2098 2132 2020 2017 2087 2255 2213 2159 2293 2572 2424 2216 2396 2443 2441
1374 1309 1528 1408 1667 1730 1581 2149 2250 2293 2384 1463 1640 1775 1783 1944 2165 1040 304 253 0 286 374 638 507 493 664 840 572 596 1037 1339 1091 916 883 865 1477 1451 2255 1364 1537 1229 1325 1331 1403 1288 1398 1292 1358 1231 1221 1140 1383 1306 1145 1227 1260 1385 1331 1455 1423 1391 1459 1509 1651 1545 1526 1536 1723 1996 1713 2017 2613 2451 2627 2533 2666 2768 2547 2122 2030 2053 1960 2140 2173 2062 2059 2129 2297 2255 2201 2334 2614 2465 2258 2438 2485 2483
1539 1474 1693 1572 1834 1897 1777 2341 2418 2461 2577 1628 1804 1939 1947 2109 2330 1205 494 242 308 0 230 512 671 591 829 647 348 467 970 1316 1182 1080 1048 1014 1642 1615 2420 1529 1702 1394 1489 1495 1567 1453 1562 1457 1523 1396 1386 1304 1548 1471 1310 1391 1424 1550 1495 1619 1588 1556 1624 1674 1816 1710 1691 1701 1888 2161 1878 2182 2777 2616 2796 2728 2857 2976 2765 2287 2195 2217 2125 2305 2338 2227 2224 2294 2462 2420 2366 2499 2779 2630 2423 2603 2650 2669
1616 1552 1770 1650 1911 1975 1855 2419 2496 2539 2654 1705 1882 2017 2025 2187 2408 1282 572 327 386 208 0 307 749 703 907 780 397 616 1120 1458 1331 1158 1125 1108 1720 1693 2498 1607 1780 1472 1567 1573 1645 1531 1640 1535 1601 1474 1464 1382 1626 1548 1388 1469 1502 1628 1573 1697 1666 1634 1701 1752 1894 1788 1769 1779 1966 2238 1955 2260 2855 2694 2873 2806 2935 3054 2842 2364 2273 2295 2203 2382 2416 2304 2302 2371 2539 2498 2443 2577 2856 2708 2501 2681 2728 2746
1870 1805 2024 1904 2165 2228 2109 2673 2750 2793 2908 1959 2136 2270 2279 2440 2661 1536 826 621 639 489 286 0 1003 989 1160 862 478 850 1209 1539 1462 1411 1379 1361 1973 1946 2751 1860 2033 1725 1820 1827 1899 1784 1893 1788 1854 1727 1717 1636 1879 1802 1641 1722 1755 1881 1827 1951 1919 1887 1955 2005 2147 2041 2022 2032 2219 2492 2209 2513 3109 2947 3127 3060 3188 3308 3096 2618 2526 2548 2456 2636 2669 2558 2555 2625 2793 2751 2697 2830 3110 2961 2754 2934 2981 3000
960 895 1114 993 1255 1318 1198 1762 1839 1882 1998 1084 1232 1430 1438 1538 1768 589 382 491 533 698 775 1029 0 162 206 621 701 399 611 835 587 420 385 373 1003 952 1774 865 1038 730 822 834 906 797 934 878 944 817 770 722 956 908 735 815 882 971 916 1040 1009 977 1045 1095 1237 1131 1112 1127 1312 1584 1310 1627 2198 2037 2217 2149 2278 2397 2186 1714 1618 1766 1549 1737 1767 1661 1661 1731 1895 1858 1796 1920 2200 2051 1849 2024 2071 2090
1066 1001 1220 1099 1361 1424 1304 1868 1945 1988 2103 1189 1337 1536 1544 1644 1874 695 349 383 500 598 710 996 135 0 361 471 672 249 555 965 723 576 541 525 1160 1108 1930 1022 1194 886 978 990 1062 954 1091 984 1050 923 876 828 1062 1014 841 921 988 1077 1022 1146 1115 1083 1151 1201 1343 1237 1218 1233 1417 1690 1415 1733 2304 2143 2322 2255 2384 2503 2292 1820 1724 1872 1655 1842 1873 1767 1767 1836 2001 1964 1902 2026 2305 2157 1955 2130 2177 2195
1034 970 1188 1068 1329 1393 1273 1837 1914 1957 2072 1158 1306 1505 1513 1613 1843 542 524 666 708 873 950 1204 156 354 0 806 815 598 678 902 653 486 422 440 1070 1018 1841 932 1104 797 889 900 972 864 1001 889 955 871 723 675 909 983 774 854 892 1046 991 1115 1084 1052 1119 1170 1311 1206 1187 1202 1386 1659 1384 1702 2273 2111 2291 2224 2353 2472 2260 1789 1692 1841 1624 1811 1842 1736 1736 1805 1970 1933 1871 1995 2274 2126 1924 2099 2146 2164
1441 1376 1595 1475 1736 1799 1680 2244 2321 2364 2479 1565 1713 1911 1920 2019 2249 1116 704 626 841 648 781 863 594 464 763 0 462 273 499 830 753 860 931 769 1450 1398 2220 1312 1484 1172 1268 1280 1352 1244 1381 1359 1425 1299 1297 1207 1450 1390 1216 1297 1363 1452 1398 1522 1490 1458 1526 1576 1718 1612 1593 1608 1793 2065 1791 2108 2680 2518 2698 2631 2759 2879 2667 2195 2099 2247 2031 2218 2249 2142 2142 2212 2377 2339 2278 2401 2681 2533 2330 2505 2552 2571
1470 1405 1624 1504 1765 1829 1709 2273 2350 2393 2508 1559 1736 1871 1879 2040 2262 1145 734 528 611 326 376 384 696 664 793 461 0 450 808 1139 1062 1044 1011 993 1573 1579 2383 1493 1666 1358 1453 1459 1531 1417 1526 1388 1455 1328 1327 1236 1480 1402 1242 1323 1356 1481 1427 1551 1519 1487 1555 1606 1747 1642 1623 1633 1820 2092 1809 2113 2709 2547 2727 2660 2788 2908 2696 2218 2126 2149 2056 2236 2270 2158 2155 2225 2393 2352 2297 2431 2710 2562 2354 2535 2582 2600
1303 1238 1457 1336 1598 1661 1541 2105 2182 2225 2341 1427 1575 1773 1781 1881 2111 932 482 404 619 490 640 874 372 242 554 272 474 0 541 906 785 751 772 618 1343 1291 2113 1205 1377 1070 1162 1173 1245 1137 1274 1221 1287 1160 1113 1065 1299 1251 1078 1158 1225 1314 1259 1383 1352 1320 1388 1438 1580 1474 1455 1470 1655 1927 1653 1970 2541 2380 2560 2492 2621 2740 2529 2057 1961 2109 1892 2080 2110 2004 2004 2074 2238 2201 2139 2263 2543 2394 2192 2367 2414 2433
1320 1324 1484 1353 1540 1497 1527 1916 2016 2060 2151 1230 1406 1541 1549 1711 1932 1106 861 869 1037 948 1106 1114 561 549 634 498 769 518 0 438 344 410 481 319 997 945 1749 858 1031 721 819 825 897 782 892 952 1019 899 1110 1048 1123 1207 950 1063 1030 1225 1213 1154 1110 1126 1172 1280 1421 1308 1238 1303 1498 1770 1487 1791 2387 2225 2401 2307 2440 2542 2321 1896 1804 1827 1734 1914 1948 1836 1833 1903 2071 2022 1968 2108 2381 2232 2032 2212 2259 2257
1197 1201 1362 1231 1417 1374 1404 1794 1894 1937 2028 1107 1284 1419 1427 1588 1809 1101 1130 1244 1339 1294 1437 1445 786 959 858 829 1100 883 413 0 270 509 659 603 874 822 1626 736 909 594 696 702 774 660 769 829 896 777 988 926 1000 1084 827 940 907 1103 1091 1031 988 1004 1050 1158 1298 1185 1115 1180 1375 1647 1364 1669 2264 2102 2278 2184 2317 2419 2199 1773 1682 1704 1612 1791 1825 1713 1711 1780 1948 1899 1845 1986 2258 2110 1910 2090 2137 2134
1073 1077 1238 1107 1293 1250 1280 1669 1770 1813 1904 983 1160 1294 1302 1464 1685 976 881 1034 1090 1159 1320 1368 537 716 609 752 1023 762 319 121 0 272 410 354 750 698 1502 611 784 470 572 578 650 536 645 705 772 652 863 802 876 960 703 816 783 978 966 907 864 880 926 1033 1174 1061 991 1056 1251 1523 1240 1544 2140 1978 2154 2060 2193 2295 2074 1649 1557 1580 1487 1667 1701 1589 1586 1656 1824 1775 1721 1862 2134 1985 1785 1965 2013 2010
916 920 1081 950 1138 1095 1155 1540 1617 1660 1775 905 1009 1207 1216 1315 1545 820 739 882 924 1088 1166 1420 370 570 442 868 1031 759 418 529 280 0 245 200 598 546 1368 460 632 324 416 428 500 392 529 548 615 496 707 645 719 833 550 662 632 824 813 754 716 726 776 880 1021 916 897 904 1096 1369 1094 1412 1983 1821 2001 1934 2063 2182 1970 1499 1402 1551 1334 1521 1552 1446 1446 1515 1680 1635 1574 1705 1977 1829 1634 1809 1856 1874
1147 1151 1312 1181 1369 1327 1386 1771 1848 1891 2006 1136 1240 1439 1447 1547 1777 819 705 847 889 1054 1131 1385 335 535 378 938 996 778 488 665 416 237 0 232 829 777 1599 691 863 556 648 659 731 623 760 779 846 727 938 876 950 1064 781 893 863 1055 1044 985 947 957 1007 1111 1253 1147 1128 1136 1328 1600 1326 1643 2214 2053 2233 2165 2294 2413 2202 1730 1634 1782 1565 1753 1783 1677 1677 1747 1911 1867 1805 1936 2208 2060 1865 2040 2087 2106
1102 1106 1267 1135 1324 1281 1341 1726 1803 1845 1961 1091 1195 1393 1401 1501 1731 869 693 836 877 1018 1120 1373 324 519 396 782 985 621 332 615 367 192 225 0 783 732 1554 645 818 510 602 614 686 577 714 734 801 681 892 830 905 1019 735 848 818 1009 998 939 902 911 961 1065 1207 1101 1082 1090 1282 1554 1280 1597 2169 2007 2187 2120 2248 2368 2156 1684 1588 1736 1520 1707 1738 1631 1631 1701 1866 1821 1760 1890 2163 2014 1819 1994 2041 2060
694 698 859 728 916 873 933 1318 1395 1437 1553 683 787 985 993 1093 1323 692 1292 1435 1477 1641 1719 1973 923 1122 995 1415 1584 1289 971 845 720 547 792 740 0 198 1204 175 381 498 310 332 326 496 588 429 469 353 572 566 562 681 471 583 505 583 581 516 450 493 545 657 799 693 675 682 874 1147 872 1189 1761 1599 1779 1712 1840 1960 1748 1276 1180 1328 1112 1299 1330 1223 1223 1293 1458 1413 1352 1483 1755 1606 1411 1586 1633 1652
567 571 731 600 789 746 805 1190 1267 1310 1425 555 659 858 866 966 1196 767 1278 1421 1462 1627 1705 1958 909 1108 981 1400 1569 1275 957 830 706 533 777 726 193 0 1060 241 210 484 288 237 214 401 478 495 562 443 654 592 666 781 497 609 579 474 463 404 341 376 426 530 672 566 547 555 747 1019 745 1062 1634 1472 1652 1585 1713 1833 1621 1149 1053 1201 984 1172 1202 1096 1096 1166 1330 1286 1224 1355 1627 1479 1284 1459 1506 1525
1451 1455 1616 1485 1673 1630 1690 1473 1377 1359 1474 1440 1544 1406 1541 1204 1306 1661 2119 2261 2303 2468 2546 2799 1749 1949 1822 2241 2410 2115 1797 1671 1547 1374 1618 1567 1200 1055 0 1166 932 1324 1158 1074 952 1140 1138 1389 1456 1337 1548 1486 1560 1674 1391 1503 1473 1358 1347 1288 1228 1260 1310 1414 1309 1433 1404 1439 1166 980 1332 1193 1464 1302 1505 1415 1543 1663 1525 911 832 1020 944 1025 1047 949 978 1019 1200 1189 1191 1185 1482 1528 1190 1289 1336 1428
660 664 825 694 882 840 899 1284 1361 1404 1519 649 753 952 960 1060 1290 613 1210 1353 1395 1559 1637 1889 853 1053 926 1345 1489 1219 901 775 651 478 722 671 171 236 1143 0 376 399 134 193 236 332 465 338 401 289 500 438 502 622 343 455 422 568 557 498 460 470 520 624 766 660 641 649 841 1113 839 1156 1727 1566 1746 1678 1807 1926 1715 1243 1147 1295 1078 1266 1296 1190 1190 1260 1424 1380 1318 1449 1721 1573 1378 1553 1600 1619
621 625 786 655 843 800 860 1245 1322 1365 1480 610 714 912 921 1020 1250 886 1397 1540 1582 1746 1824 2078 1028 1228 1100 1520 1689 1394 1076 950 825 652 897 845 377 205 909 387 0 603 407 353 218 517 566 615 682 562 773 711 786 857 616 729 699 529 517 459 395 431 481 585 726 621 602 609 801 1074 799 1117 1688 1526 1706 1639 1767 1887 1675 1204 1107 1256 1039 1226 1257 1150 1151 1220 1385 1340 1279 1410 1682 1534 1338 1514 1561 1579
850 854 1015 884 1072 1029 1089 1474 1551 1594 1709 839 943 1142 1150 1249 1480 754 1050 1192 1234 1399 1476 1730 680 880 753 1171 1341 1046 728 601 476 305 549 498 527 475 1280 389 562 0 289 362 434 326 459 482 549 430 641 579 653 767 484 596 566 758 747 688 650 660 710 814 956 850 831 838 1031 1303 1029 1346 1917 1756 1935 1868 1997 2116 1905 1433 1337 1485 1268 1455 1486 1380 1380 1449 1614 1570 1508 1639 1911 1763 1568 1743 1790 1808
676 680 841 710 898 855 915 1300 1377 1420 1535 665 769 967 976 1075 1305 596 1142 1284 1326 1491 1569 1822 772 972 845 1264 1433 1138 820 694 570 397 641 590 305 285 1135 129 387 284 0 139 252 222 367 325 392 273 484 422 496 610 327 439 409 583 572 513 476 485 535 639 781 676 657 664 856 1129 854 1172 1743 1581 1761 1694 1822 1942 1730 1258 1162 1310 1094 1281 1312 1205 1205 1275 1440 1395 1334 1465 1737 1588 1393 1568 1616 1634
612 616 776 645 834 791 851 1236 1313 1355 1471 601 705 903 911 1011 1241 683 1178 1321 1362 1527 1605 1858 809 1008 881 1300 1470 1175 857 730 606 433 677 626 328 232 1052 188 323 379 130 0 165 202 337 412 479 359 570 508 583 697 413 526 496 519 508 449 412 421 471 575 717 611 592 600 792 1064 790 1107 1679 1517 1697 1630 1758 1878 1666 1194 1098 1246 1030 1217 1248 1141 1141 1211 1376 1331 1269 1400 1673 1524 1329 1504 1551 1570
599 603 764 633 821 778 838 1223 1300 1343 1458 588 692 891 899 999 1229 731 1252 1395 1436 1601 1679 1932 883 1082 955 1374 1544 1249 931 804 680 507 751 700 321 209 929 231 213 453 247 158 0 332 373 459 526 407 618 556 630 745 461 573 543 507 496 437 399 409 459 563 705 599 580 588 780 1052 778 1095 1666 1505 1684 1617 1746 1865 1654 1182 1086 1234 1017 1205 1235 1129 1129 1199 1363 1319 1257 1388 1660 1512 1317 1492 1539 1558
777 781 941 810 999 956 1015 1400 1477 1520 1635 765 869 1068 1076 1176 1406 789 1117 1260 1302 1466 1544 1798 748 947 820 1239 1409 1114 796 670 545 372 617 565 491 396 1117 327 488 318 214 195 326 0 209 517 584 465 676 614 688 803 519 631 601 684 673 614 577 586 636 740 882 776 757 765 957 1229 955 1272 1844 1682 1862 1795 1923 2043 1831 1359 1263 1411 1194 1382 1412 1306 1306 1376 1540 1496 1434 1565 1837 1689 1494 1669 1716 1735
887 891 1051 920 1109 1066 1125 1510 1587 1630 1746 875 979 1178 1186 1286 1516 933 1254 1396 1438 1603 1681 1934 885 1084 957 1380 1545 1250 932 810 686 509 753 702 583 473 1115 460 561 454 365 330 367 199 0 662 729 610 820 759 833 947 664 776 746 794 783 724 687 696 746 850 992 886 867 875 1067 1339 1065 1382 1954 1792 1972 1905 2033 2153 1941 1469 1373 1521 1305 1492 1522 1416 1416 1486 1651 1606 1544 1675 1948 1799 1604 1779 1826 1845
628 559 776 710 946 1039 860 1459 1559 1602 1693 772 949 1084 1092 1253 1475 297 1077 1230 1287 1429 1518 1687 869 994 844 1370 1342 1214 986 734 755 586 831 780 425 532 1446 338 674 532 403 484 532 577 694 0 144 126 255 229 312 318 231 200 117 692 637 761 723 698 761 815 956 843 773 846 1033 1305 1022 1326 1888 1720 1936 1842 1975 2077 1856 1431 1339 1362 1269 1449 1483 1371 1368 1438 1606 1565 1510 1637 1910 1767 1567 1680 1789 1792
587 519 735 672 906 1051 820 1470 1571 1614 1705 760 961 1096 1104 1265 1486 407 1144 1297 1354 1496 1585 1754 936 1061 911 1437 1409 1281 1053 801 822 653 898 847 465 587 1513 400 741 599 470 551 599 644 761 141 0 190 365 309 421 250 298 248 117 692 637 761 735 698 773 827 968 854 785 857 1045 1317 1034 1338 1900 1732 1948 1854 1987 2089 1868 1443 1351 1374 1281 1461 1494 1383 1380 1450 1618 1576 1522 1649 1922 1779 1579 1692 1801 1804
634 569 788 667 926 990 841 1409 1509 1553 1644 723 899 1034 1042 1204 1425 275 1027 1180 1237 1380 1468 1637 819 945 843 1321 1292 1165 867 615 635 467 711 660 348 452 1326 292 555 413 283 364 412 457 574 121 185 0 223 219 230 378 182 295 203 643 587 677 634 648 696 766 906 793 724 796 983 1256 973 1277 1839 1670 1886 1793 1925 2028 1807 1382 1290 1312 1220 1400 1433 1322 1319 1389 1557 1515 1461 1588 1860 1718 1518 1631 1740 1743
715 651 869 749 1008 1071 922 1491 1591 1634 1725 804 981 1116 1124 1285 1507 112 1000 1153 1210 1352 1441 1610 744 870 679 1294 1265 1090 991 739 759 591 835 784 486 577 1450 420 679 537 408 488 536 582 698 251 360 221 0 233 245 476 263 342 292 724 669 793 755 730 794 847 988 875 805 878 1065 1337 1054 1359 1920 1752 1968 1874 2007 2109 1889 1463 1372 1394 1301 1481 1515 1403 1400 1470 1638 1597 1542 1669 1942 1799 1599 1712 1821 1824
576 511 730 610 869 932 783 1352 1452 1495 1586 665 842 977 985 1146 1368 214 910 1063 1119 1262 1350 1519 695 821 631 1203 1174 1041 975 723 744 576 820 769 471 561 1435 405 663 521 392 473 521 566 683 225 304 217 228 0 316 357 124 205 210 585 530 654 616 591 654 708 849 736 666 739 926 1198 915 1219 1781 1613 1829 1735 1868 1970 1750 1324 1232 1255 1162 1342 1376 1264 1261 1331 1499 1458 1403 1530 1803 1660 1460 1573 1682 1685
827 758 975 891 1145 1176 1059 1595 1696 1739 1830 909 1086 1221 1229 1390 1611 297 1186 1339 1396 1538 1627 1796 930 1055 865 1479 1451 1275 1023 771 791 623 867 816 518 608 1482 452 711 568 439 520 568 613 730 308 416 228 239 308 0 533 405 399 349 866 811 833 790 806 852 959 1100 987 917 982 1177 1449 1166 1470 2032 1864 2080 1986 2119 2221 2001 1575 1483 1506 1413 1593 1627 1515 1512 1582 1750 1701 1647 1781 2047 1904 1711 1824 1933 1936
406 337 554 488 726 870 670 1315 1392 1435 1550 575 778 912 921 1082 1303 561 1120 1263 1304 1469 1547 1799 886 1012 939 1388 1399 1232 1234 1108 984 810 1055 1004 677 741 1636 621 818 756 627 708 756 801 918 348 286 414 490 371 547 0 322 219 243 511 457 581 561 517 597 647 789 683 664 674 861 1134 851 1155 1751 1589 1769 1702 1830 1950 1738 1260 1168 1190 1098 1278 1311 1200 1197 1267 1435 1393 1339 1472 1752 1603 1396 1576 1623 1642
447 382 601 481 742 805 686 1250 1327 1370 1485 536 713 848 856 1017 1239 674 866 1009 1051 1215 1293 1545 633 758 686 1134 1145 978 1180 1206 1082 909 948 930 804 676 1571 738 753 854 725 736 726 893 972 618 580 558 624 484 710 379 0 475 525 458 404 528 496 464 532 582 724 619 600 609 797 1069 786 1090 1686 1524 1704 1637 1765 1885 1673 1195 1103 1126 1033 1213 1247 1135 1132 1202 1370 1329 1274 1408 1687 1539 1331 1511 1559 1577
484 416 633 566 805 949 749 1393 1470 1513 1628 654 856 991 999 1161 1382 398 1018 1160 1202 1367 1445 1697 784 910 810 1286 1297 1130 1071 945 820 647 892 840 542 633 1507 477 735 593 464 545 593 638 755 203 253 297 345 208 402 205 147 0 140 590 536 660 640 596 676 726 868 762 743 753 940 1212 929 1234 1829 1668 1847 1780 1909 2028 1817 1338 1247 1269 1177 1357 1390 1279 1276 1345 1513 1472 1418 1551 1830 1682 1475 1655 1702 1720
534 466 683 616 855 999 799 1443 1520 1563 1678 704 906 1041 1049 1211 1432 434 1086 1228 1270 1435 1512 1764 852 977 848 1354 1364 1198 1094 968 844 671 915 864 501 616 1530 421 758 616 487 568 616 661 778 123 123 209 328 247 385 207 214 137 0 640 586 710 690 646 726 776 918 812 793 803 990 1262 979 1284 1879 1718 1897 1830 1959 2078 1867 1388 1297 1319 1227 1407 1440 1329 1326 1395 1563 1522 1468 1601 1880 1732 1525 1705 1752 1770
311 229 476 345 604 638 518 1057 1157 1201 1291 354 547 682 690 852 1073 799 1170 1323 1380 1522 1611 1780 962 1087 1015 1463 1435 1307 1223 1097 973 799 1044 993 572 443 1338 534 521 745 553 504 493 660 739 734 695 683 749 609 835 494 597 587 634 0 138 121 136 183 341 450 591 486 467 444 664 936 653 936 1553 1391 1567 1473 1606 1708 1488 1062 971 993 901 1080 1114 1002 1000 1069 1237 1163 1109 1275 1522 1373 1199 1379 1426 1423
256 195 421 290 549 542 463 961 1061 1105 1196 258 452 586 594 756 977 744 1116 1269 1325 1468 1556 1725 907 1033 960 1409 1380 1253 1212 1086 962 788 1033 982 561 432 1327 523 509 734 542 493 482 649 728 679 640 628 694 555 780 439 542 533 579 136 0 179 195 125 269 367 509 403 384 348 581 853 570 840 1470 1309 1484 1390 1523 1626 1405 979 888 910 818 997 1031 920 917 986 1154 1067 1013 1192 1426 1277 1116 1296 1343 1341
381 306 545 414 636 593 588 1012 1113 1156 1247 326 503 638 646 807 1028 869 1240 1393 1449 1592 1680 1849 1031 1157 1084 1533 1505 1377 1153 1027 903 729 974 923 502 373 1268 464 450 675 483 434 423 590 669 692 759 639 818 679 863 563 666 657 704 119 176 0 69 124 271 380 521 416 397 399 594 866 583 888 1483 1321 1497 1403 1536 1638 1418 992 901 923 831 1010 1044 932 929 999 1167 1118 1064 1205 1477 1329 1128 1309 1356 1353
368 322 533 402 587 544 575 963 1063 1107 1198 277 453 588 596 758 979 830 1201 1354 1410 1553 1642 1811 993 1118 1046 1494 1466 1338 1127 1001 876 703 948 896 445 336 1205 438 390 649 457 407 397 564 643 665 732 613 780 640 837 579 628 673 719 134 192 65 0 115 210 327 469 363 344 350 542 814 531 835 1431 1269 1445 1351 1484 1586 1365 940 848 871 778 958 991 880 877 947 1115 1069 1015 1152 1428 1279 1076 1256 1303 1301
317 286 482 351 570 528 524 947 1047 1090 1181 260 437 572 580 742 963 805 1176 1329 1386 1528 1617 1786 968 1093 1021 1469 1441 1313 1125 999 875 701 946 895 474 345 1240 436 422 647 455 406 395 562 641 664 701 611 755 615 835 500 603 593 640 181 124 120 114 0 196 311 453 347 328 334 525 798 515 819 1414 1253 1428 1335 1467 1570 1349 924 832 854 762 942 975 864 861 931 1099 1053 998 1136 1411 1263 1060 1240 1287 1285
404 408 569 437 622 580 611 999 1099 1143 1233 312 489 624 632 794 1015 866 1237 1390 1446 1589 1677 1847 1028 1154 1081 1530 1502 1374 1191 1064 940 767 1011 960 540 411 1301 502 486 713 521 471 461 628 707 729 796 677 815 676 900 622 663 715 762 339 269 267 201 194 0 263 439 319 309 386 532 804 521 825 1421 1259 1435 1341 1474 1576 1355 930 838 861 768 948 982 870 867 937 1105 1077 1050 1143 1439 1315 1066 1246 1294 1291
475 479 640 509 689 646 682 1022 996 1039 1130 379 495 522 635 690 911 937 1308 1461 1518 1661 1749 1918 1100 1225 1153 1602 1573 1446 1321 1195 1070 897 1142 1090 666 541 1335 632 611 843 651 601 591 758 837 859 894 807 887 747 973 693 735 787 833 467 388 397 326 338 256 0 208 73 250 350 483 756 403 727 1373 1211 1387 1293 1425 1528 1307 882 790 812 720 900 933 822 819 889 1057 1001 947 1094 1360 1212 1018 1198 1245 1243
591 595 756 625 818 766 798 977 951 995 1085 508 478 494 607 646 867 1053 1424 1577 1634 1776 1865 2034 1216 1341 1269 1718 1689 1561 1443 1317 1193 1019 1264 1213 792 663 1167 754 740 965 773 724 713 880 959 982 1010 929 1003 863 1089 809 851 903 949 598 504 532 469 461 433 197 0 163 274 321 316 588 300 604 1205 1044 1219 1125 1258 1361 1140 714 623 645 553 733 766 655 652 721 889 862 903 927 1224 1167 851 1031 1078 1076
511 515 676 545 725 682 718 977 951 994 1085 415 461 477 590 645 866 973 1344 1497 1554 1696 1785 1954 1136 1261 1189 1637 1609 1481 1363 1237 1112 939 1184 1132 712 583 1302 674 660 885 693 644 633 800 879 902 930 849 923 783 1009 729 771 823 869 518 424 452 383 374 313 62 155 0 257 305 451 723 358 682 1340 1178 1354 1260 1393 1495 1275 849 758 780 688 867 901 789 787 856 1024 956 902 1062 1315 1167 986 1166 1213 1210
460 464 625 494 687 644 667 903 877 921 1012 377 369 404 517 572 793 922 1293 1446 1503 1646 1734 1903 1085 1210 1138 1587 1558 1431 1312 1186 1062 888 1133 1082 661 532 1277 623 610 834 642 593 582 749 828 851 879 798 872 732 958 678 720 772 818 467 373 401 338 330 302 247 265 245 0 231 423 698 291 615 1315 1153 1329 1235 1368 1470 1249 824 732 755 662 842 876 764 755 831 999 883 829 1036 1242 1093 960 1140 1187 1185
473 477 637 390 490 447 660 798 711 754 870 178 132 232 341 402 623 934 1331 1473 1515 1680 1758 2010 1097 1223 1150 1599 1609 1443 1316 1190 1066 893 1137 1086 665 537 1353 627 614 839 646 597 587 753 832 855 891 803 884 745 970 708 736 787 837 449 353 409 355 339 391 389 361 344 263 0 502 777 367 486 1235 1073 1369 1182 1310 1434 1349 900 777 831 738 918 952 840 585 907 928 713 659 932 1072 923 1032 1056 1103 1272
661 666 826 695 890 847 900 948 854 897 1012 578 618 568 706 544 766 1123 1520 1662 1704 1869 1947 2199 1286 1412 1339 1788 1798 1632 1513 1387 1263 1090 1334 1283 862 734 1045 824 811 1035 843 794 784 950 1029 1052 1080 1000 1073 934 1159 897 925 976 1026 671 575 606 549 533 531 472 321 455 426 462 0 445 255 460 1083 922 1102 1035 1163 1282 1071 593 501 523 431 611 644 533 530 600 768 740 801 805 1102 1066 729 909 956 975
941 946 1106 975 1170 1067 1180 808 712 754 869 858 902 706 840 530 623 1403 1800 1942 1984 2149 2227 2479 1566 1692 1619 2068 2078 1912 1793 1667 1543 1370 1614 1563 1142 1014 882 1104 1091 1315 1123 1074 1064 1230 1309 1332 1360 1280 1353 1213 1439 1177 1205 1256 1306 951 855 885 829 813 810 752 614 739 709 746 443 0 546 501 1001 839 1031 952 1080 1200 934 419 245 373 276 540 546 462 297 529 569 507 658 722 1019 922 592 826 873 838
670 674 835 704 858 793 909 745 651 694 809 546 484 365 503 341 562 1132 1528 1671 1712 1877 1955 2207 1294 1420 1347 1796 1807 1640 1522 1395 1271 1098 1342 1291 870 742 1211 833 819 1044 852 802 792 959 1038 1060 1089 1008 1081 942 1167 905 933 984 1034 679 583 614 557 541 539 414 311 369 302 327 252 544 0 328 1174 1012 1268 1121 1249 1373 1237 759 624 689 597 777 810 699 512 766 868 652 598 871 1011 863 895 995 1043 1141
984 988 1148 902 1001 801 1171 648 552 595 710 768 627 407 546 248 480 1446 1842 1985 2026 2191 2269 2521 1608 1734 1661 2110 2121 1954 1828 1701 1577 1404 1648 1597 1176 1048 1094 1139 1125 1350 1158 1108 1098 1265 1344 1366 1403 1314 1395 1256 1481 1219 1247 1298 1348 960 864 920 866 850 856 751 628 706 639 510 484 525 352 0 1075 913 1188 1022 1150 1274 1072 638 459 584 453 708 710 632 335 702 708 497 509 772 912 763 735 896 943 976
1544 1548 1709 1578 1735 1465 1751 1077 1051 868 959 1425 1357 1105 1239 929 847 2006 2377 2530 2587 2729 2818 2987 2169 2294 2222 2670 2642 2514 2372 2120 2141 1972 2217 2165 1745 1616 1398 1707 1693 1918 1726 1677 1666 1833 1912 1935 1963 1882 1956 1816 2042 1762 1804 1856 1902 1551 1457 1485 1422 1413 1406 1352 1213 1330 1242 1207 1072 978 1134 1063 0 274 558 463 322 223 641 963 854 941 849 981 979 903 868 970 712 755 694 502 646 802 787 690 347 551
1386 1390 1550 1419 1577 1307 1593 918 892 710 801 1267 1199 947 1080 771 688 1847 2219 2372 2428 2571 2659 2828 2010 2136 2063 2512 2483 2356 2214 1962 1982 1814 2058 2007 1586 1458 1239 1548 1535 1760 1567 1518 1508 1674 1753 1776 1804 1724 1797 1658 1883 1603 1645 1697 1744 1393 1298 1326 1264 1255 1248 1193 1054 1171 1083 1048 913 819 976 904 240 0 755 554 534 429 733 805 695 783 691 822 802 744 710 811 554 596 535 319 441 597 610 512 328 643
1546 1550 1710 1579 1774 1588 1784 1273 1177 994 1110 1462 1479 1227 1361 1052 969 2008 2404 2546 2588 2731 2819 2988 2170 2296 2223 2672 2644 2516 2397 2271 2147 1974 2218 2167 1746 1618 1425 1708 1695 1920 1728 1678 1668 1834 1914 1936 1965 1884 1957 1818 2043 1764 1805 1857 1904 1555 1459 1490 1433 1417 1415 1357 1219 1343 1313 1329 1073 986 1231 1121 562 759 0 186 212 329 309 858 880 885 857 677 735 624 910 645 731 874 816 718 915 1054 600 611 445 340
1483 1487 1648 1517 1672 1400 1722 1086 990 807 923 1360 1292 1040 1174 864 782 1945 2341 2484 2526 2668 2757 2926 2108 2233 2161 2609 2581 2453 2335 2209 2084 1911 2156 2104 1684 1555 1337 1646 1632 1857 1665 1616 1605 1772 1851 1874 1902 1821 1895 1755 1981 1701 1743 1795 1841 1492 1396 1427 1370 1354 1352 1294 1156 1281 1251 1142 1011 917 1070 998 494 585 182 0 242 377 230 750 793 753 762 669 605 616 800 637 544 687 629 544 742 880 413 424 369 219
1611 1616 1776 1645 1801 1529 1850 1215 1118 936 1051 1489 1421 1168 1302 993 910 2073 2470 2612 2654 2797 2885 3054 2236 2362 2289 2738 2709 2582 2463 2337 2213 2040 2284 2233 1812 1684 1465 1774 1761 1985 1793 1744 1734 1900 1979 2002 2030 1950 2023 1883 2109 1829 1871 1923 1970 1621 1525 1555 1499 1483 1480 1422 1284 1409 1379 1270 1139 1045 1198 1126 349 560 208 202 0 206 409 924 921 927 916 777 779 724 929 745 717 816 757 519 716 855 587 556 231 430
1743 1747 1908 1777 1936 1664 1982 1350 1254 1071 1186 1624 1556 1304 1438 1128 1046 2205 2601 2744 2786 2928 3017 3186 2368 2493 2421 2869 2841 2713 2595 2469 2344 2171 2416 2364 1944 1815 1597 1906 1892 2117 1925 1876 1865 2032 2111 2133 2162 2081 2155 2015 2241 1961 2003 2055 2101 1752 1656 1687 1630 1614 1612 1554 1416 1541 1511 1406 1271 1177 1333 1262 266 473 325 336 163 0 526 1075 1052 1097 1048 894 949 841 1067 862 888 954 893 701 845 1001 757 761 438 547
1556 1560 1721 1590 1785 1568 1795 1254 1158 975 1090 1472 1460 1208 1342 1032 950 2018 2414 2557 2599 2741 2829 2999 2181 2306 2234 2682 2654 2526 2408 2282 2157 1984 2229 2177 1757 1628 1435 1719 1705 1930 1738 1688 1678 1845 1924 1946 1975 1894 1968 1828 2054 1774 1816 1867 1914 1565 1469 1500 1443 1427 1425 1367 1229 1353 1324 1310 1083 932 1214 1048 661 753 305 199 366 498 0 698 864 700 709 699 552 634 754 708 491 670 797 712 909 1048 360 503 536 138
1084 1088 1249 1118 1313 1178 1323 919 823 829 945 1080 1051 851 986 649 751 1546 1942 2085 2127 2292 2369 2621 1709 1834 1762 2210 2221 2054 1936 1810 1686 1512 1757 1706 1285 1156 850 1247 1233 1458 1266 1217 1206 1373 1452 1475 1503 1422 1496 1356 1582 1320 1348 1399 1449 1093 997 1028 972 955 953 895 757 882 852 928 614 426 780 614 934 772 877 757 930 1094 704 0 278 226 209 380 194 229 408 277 478 527 651 656 952 998 361 632 806 608
987 991 1152 1021 1215 999 1226 740 644 685 800 982 896 672 807 470 572 1449 1845 1988 2029 2194 2272 2524 1611 1737 1664 2113 2124 1957 1839 1712 1588 1415 1659 1608 1187 1059 733 1150 1136 1361 1169 1119 1109 1275 1355 1377 1406 1325 1398 1259 1484 1222 1250 1301 1351 996 900 931 874 858 856 798 660 784 755 779 517 247 626 435 852 691 893 803 932 1051 866 271 0 327 211 413 414 338 228 408 500 438 569 574 871 854 524 678 725 770
1112 1116 1276 1145 1340 1124 1350 864 768 810 925 1107 1021 797 932 595 697 1573 1970 2112 2154 2319 2397 2649 1736 1862 1789 2238 2248 2082 1963 1837 1713 1540 1784 1733 1312 1184 959 1274 1261 1486 1293 1244 1234 1400 1479 1502 1530 1450 1523 1384 1609 1347 1375 1426 1476 1121 1025 1056 999 983 981 922 785 909 879 904 642 396 754 560 1043 881 1026 881 1054 1225 828 220 326 0 261 528 337 377 353 472 530 563 714 765 1062 979 486 756 916 732
919 924 1084 953 1148 993 1158 734 638 679 795 915 886 666 801 464 566 1381 1778 1920 1962 2127 2205 2457 1544 1670 1597 2046 2056 1890 1771 1645 1521 1348 1592 1541 1120 992 798 1082 1069 1293 1101 1052 1042 1208 1287 1310 1338 1258 1331 1192 1417 1155 1183 1234 1284 929 833 864 807 791 789 730 593 717 687 763 450 279 615 429 836 675 860 766 916 1035 713 203 209 133 0 380 293 304 222 374 410 433 553 558 855 848 371 641 709 617
863 867 1028 897 1092 994 1102 734 638 600 715 858 830 666 801 465 566 1325 1721 1864 1906 2070 2148 2400 1487 1613 1541 1989 2000 1833 1715 1588 1464 1291 1535 1484 1064 935 735 1026 1012 1237 1045 995 985 1152 1231 1253 1282 1201 1275 1135 1361 1099 1126 1177 1227 872 776 807 750 734 732 674 536 660 631 707 393 299 559 431 704 543 804 655 784 903 808 301 191 260 168 0 373 248 221 318 426 431 421 426 723 769 466 530 577 712
1117 1121 1282 1151 1346 1232 1356 972 876 860 975 1112 1084 904 1039 703 804 1579 1975 2118 2160 2324 2402 2654 1741 1867 1795 2243 2254 2087 1969 1842 1718 1545 1790 1738 1318 1189 987 1280 1266 1491 1299 1249 1239 1406 1485 1507 1536 1455 1529 1389 1615 1353 1380 1431 1481 1126 1030 1061 1004 988 986 928 790 914 885 961 647 554 813 685 965 803 778 613 787 957 560 188 412 209 289 248 0 197 392 274 398 455 682 686 960 1029 208 489 763 464
1010 1014 1175 1044 1239 1147 1249 888 791 753 869 1006 977 820 955 618 720 1472 1868 2011 2053 2217 2295 2547 1635 1760 1688 2136 2147 1980 1862 1736 1611 1438 1683 1631 1211 1082 889 1173 1159 1384 1192 1143 1132 1299 1378 1400 1429 1348 1422 1282 1508 1246 1274 1324 1374 1019 923 954 897 881 879 821 683 808 778 854 540 452 706 585 858 696 649 642 749 866 647 223 344 250 321 141 189 0 374 131 486 569 575 580 876 922 295 575 730 551
993 997 1158 1027 1128 857 1232 597 501 543 658 894 754 530 665 328 430 1455 1851 1994 2036 2200 2278 2530 1618 1743 1671 2119 2130 1963 1845 1719 1594 1421 1666 1614 1194 1065 880 1156 1142 1367 1175 1125 1115 1282 1361 1383 1412 1331 1405 1265 1491 1229 1256 1307 1357 1002 906 937 880 864 862 804 666 790 761 637 523 313 528 311 936 774 969 823 996 1135 770 424 244 369 239 489 408 413 0 483 417 226 457 635 860 712 433 698 803 674
1081 1085 1246 1115 1310 1218 1320 959 863 824 940 1077 1048 891 1026 689 791 1543 1939 2082 2124 2289 2366 2618 1706 1831 1759 2208 2218 2051 1933 1807 1683 1509 1754 1703 1282 1153 960 1244 1230 1455 1263 1214 1203 1370 1449 1472 1500 1419 1493 1353 1579 1317 1345 1396 1446 1090 994 1025 969 952 950 892 754 879 849 925 611 524 777 656 929 767 685 677 785 902 724 274 416 345 393 213 266 118 445 0 563 646 646 651 947 993 372 653 802 628
1261 1266 1426 1295 1432 1161 1500 861 765 582 698 1199 1058 834 969 632 571 1723 2120 2262 2304 2469 2547 2799 1886 2012 1939 2388 2398 2232 2113 1987 1863 1690 1934 1883 1462 1334 1122 1424 1411 1635 1443 1394 1384 1550 1629 1652 1680 1600 1673 1533 1759 1497 1525 1576 1626 1271 1175 1205 1149 1133 1130 1072 934 1059 1029 941 791 581 881 684 701 540 731 544 718 888 491 491 513 543 422 549 399 486 357 564 0 261 424 403 683 747 183 419 531 395
1204 1208 1368 1121 1221 950 1391 691 595 477 592 988 847 623 758 421 466 1665 2062 2204 2246 2411 2489 2741 1828 1954 1881 2330 2341 2174 2048 1921 1797 1624 1868 1817 1396 1268 1091 1358 1345 1570 1378 1328 1318 1484 1564 1586 1622 1534 1615 1476 1701 1439 1467 1518 1568 1180 1084 1140 1086 1070 1073 1015 877 974 900 730 734 524 669 473 759 597 891 704 833 957 688 540 456 580 450 644 468 582 145 659 247 0 352 457 772 646 380 579 626 591
1142 1146 1307 1060 1159 887 1330 569 473 290 406 926 785 561 696 360 282 1604 2000 2143 2185 2349 2427 2679 1767 1892 1820 2268 2279 2112 1986 1860 1736 1562 1807 1755 1335 1206 1100 1297 1283 1508 1316 1267 1256 1423 1502 1525 1561 1472 1554 1414 1640 1378 1406 1456 1506 1118 1023 1078 1024 1008 1060 957 912 912 838 668 776 668 608 485 692 530 826 639 767 891 807 671 557 724 554 693 738 617 405 687 409 335 0 355 527 459 558 513 560 729
1242 1246 1406 1275 1371 1078 1449 669 643 460 546 1111 1043 791 924 615 532 1704 2075 2228 2284 2427 2515 2685 1866 1992 1919 2368 2340 2212 2070 1818 1838 1670 1914 1863 1442 1314 1096 1404 1391 1616 1424 1374 1364 1530 1610 1632 1661 1580 1653 1514 1739 1460 1501 1553 1600 1249 1154 1182 1120 1111 1104 1050 910 1027 939 892 769 675 820 748 452 310 713 513 492 657 692 661 551 639 547 678 712 600 554 667 388 440 345 0 351 343 499 456 286 602
1545 1549 1655 1451 1313 1021 1551 611 585 403 378 1250 1181 930 922 754 505 2007 2378 2531 2588 2730 2819 2988 2170 2295 2223 2672 2643 2515 2365 2113 2134 1966 2210 2159 1738 1609 1404 1700 1687 1911 1719 1670 1659 1826 1905 1928 1964 1875 1957 1817 2043 1763 1805 1857 1903 1519 1425 1478 1418 1410 1413 1349 1219 1303 1172 1032 1078 984 960 888 612 432 911 711 690 801 889 970 860 948 856 987 952 909 808 976 669 755 484 267 0 165 740 669 484 799
1397 1401 1506 1302 1165 872 1402 462 436 254 229 1102 1033 782 774 606 356 1859 2230 2383 2439 2582 2670 2840 2021 2147 2074 2523 2495 2367 2217 1965 1986 1817 2062 2010 1590 1461 1437 1552 1538 1763 1571 1521 1511 1678 1757 1779 1816 1727 1808 1669 1894 1615 1656 1708 1755 1371 1277 1330 1270 1261 1308 1200 1163 1155 1023 884 1063 920 811 739 769 588 1050 849 829 958 1028 1002 852 956 845 1020 1024 942 660 1009 732 629 443 259 152 0 843 800 623 938
1219 1223 1384 1253 1448 1257 1458 980 884 702 817 1215 1154 930 1065 728 690 1681 2077 2220 2262 2426 2504 2756 1844 1969 1897 2345 2356 2189 2071 1945 1820 1647 1892 1840 1420 1291 1098 1382 1368 1593 1401 1352 1341 1508 1587 1609 1638 1557 1631 1491 1717 1455 1483 1533 1583 1228 1132 1163 1106 1090 1088 1030 892 1017 987 1037 749 597 915 711 792 615 605 418 592 762 365 367 529 491 376 375 226 313 417 390 183 362 548 504 745 848 0 293 568 269
1358 1362 1522 1391 1545 1275 1565 886 860 678 769 1235 1167 915 1048 739 656 1819 2191 2344 2400 2543 2631 2800 1982 2108 2035 2484 2455 2328 2186 1934 1954 1786 2030 1979 1558 1430 1211 1520 1507 1732 1539 1490 1480 1646 1725 1748 1776 1696 1769 1630 1855 1575 1617 1669 1716 1365 1270 1298 1236 1227 1220 1165 1026 1143 1055 1016 885 791 944 872 627 503 607 393 530 734 450 626 667 628 638 627 480 562 675 637 419 562 503 449 661 764 288 0 466 386
1405 1409 1569 1438 1592 1322 1612 934 908 725 816 1282 1214 962 1095 786 704 1867 2238 2391 2447 2590 2678 2847 2029 2155 2082 2531 2503 2375 2233 1981 2001 1833 2077 2026 1605 1477 1259 1567 1554 1779 1587 1537 1527 1693 1773 1795 1824 1743 1816 1677 1902 1623 1664 1716 1763 1412 1317 1345 1283 1274 1267 1212 1073 1190 1102 1063 932 838 991 919 286 319 441 338 205 409 516 824 714 802 710 841 755 763 722 830 516 609 551 280 477 587 563 398 0 426
1460 1464 1625 1494 1688 1491 1699 1176 1080 897 1013 1376 1382 1130 1264 955 872 1922 2318 2461 2502 2645 2733 2903 2084 2210 2137 2586 2558 2430 2312 2185 2061 1888 2132 2081 1660 1532 1338 1623 1609 1834 1642 1592 1582 1748 1828 1850 1879 1798 1871 1732 1957 1678 1719 1771 1818 1469 1373 1404 1347 1331 1329 1271 1133 1257 1228 1232 987 836 1118 952 651 728 335 188 387 519 85 601 768 604 613 602 456 538 658 612 395 574 719 671 884 1015 264 406 526 0