91 6
40 4765 7435 4565 6020 3430 4490 4180 9390 3950 9965 1 6640 10200 10880 11870 1 10045 5 255 20 12675 1345 12120 6990 10170 11305 1 1100 185 2070 1705 4560 2905 2720 2775 3425 460 1700 120 1 5200 5830 6745 1550 580 715 205 85 235 4730 260 2440 20 195 5020 6835 8205 9825 4800 5845 665 185 1045 6170 9185 4360 4600 12980 6305 7260 690 6490 6055 2095 9515 9705 3635 275 3040 1950 2245 1355 1660 1735 1325 2240 3855 1455 14125 4185
0 337 364 435 518 534 474 568 621 457 285 243 374 356 500 498 327 563 402 836 783 704 678 747 740 597 635 612 616 705 280 330 227 355 396 420 532 514 257 194 183 1391 1514 1333 1364 1198 892 1498 1341 1452 1331 1073 1598 1442 1499 1504 1388 1249 1187 1491 1327 1192 1316 1617 1454 1388 1414 1347 2231 1880 2006 2000 1743 1808 2240 2450 2167 2099 2376 2325 1934 2195 2401 2663 2811 2485 2600 2653 2632 2150 2234
305 0 71 153 250 319 266 347 378 241 123 226 90 177 352 368 381 454 456 656 574 509 526 618 765 504 621 597 671 759 230 262 462 351 341 393 586 568 274 148 258 1446 1568 1388 1418 1252 946 1552 1395 1506 1385 1127 1652 1497 1553 1558 1443 1303 1241 1500 1381 1247 1370 1540 1352 1330 1312 1309 2285 1934 2060 2054 1797 1863 2294 2504 2221 2153 2430 2379 1988 2249 2455 2717 2865 2539 2655 2707 2686 2204 2288
332 57 0 81 179 322 202 278 364 182 194 270 136 221 358 371 438 457 514 601 519 448 514 562 731 507 621 617 728 817 293 325 490 414 404 456 648 626 337 191 308 1503 1626 1445 1475 1309 973 1579 1421 1533 1412 1092 1679 1523 1579 1583 1469 1330 1267 1449 1408 1273 1397 1488 1301 1278 1261 1257 2312 1960 2087 2081 1824 1889 2321 2531 2248 2180 2456 2406 2015 2276 2482 2744 2892 2565 2681 2734 2713 2231 2315
403 139 73 0 107 262 131 205 292 185 266 341 161 223 296 312 441 398 506 537 455 376 449 498 667 448 557 553 681 766 316 370 560 459 420 479 660 612 382 271 378 1463 1613 1405 1435 1299 909 1515 1358 1469 1348 1028 1615 1459 1515 1521 1405 1266 1204 1403 1344 1209 1333 1442 1255 1233 1215 1211 2248 1896 2023 2017 1760 1825 2257 2467 2184 2116 2392 2342 1951 2212 2418 2680 2828 2501 2617 2670 2649 2167 2251
486 237 171 98 0 185 140 121 212 282 299 364 191 220 221 236 437 323 431 487 421 291 365 416 618 372 489 497 605 710 306 373 627 455 372 409 583 535 392 354 434 1407 1541 1349 1379 1224 853 1459 1302 1413 1293 972 1559 1404 1460 1466 1350 1211 1148 1349 1288 1154 1277 1389 1202 1179 1162 1158 2192 1841 1968 1962 1704 1770 2201 2411 2128 2061 2337 2286 1895 2156 2363 2624 2773 2446 2562 2615 2593 2111 2195
478 318 312 253 180 0 300 247 254 420 348 370 239 226 80 137 407 248 298 612 545 360 362 479 602 341 458 385 466 598 261 328 611 355 221 259 432 384 376 454 497 1285 1408 1227 1258 1091 789 1394 1235 1349 1228 955 1494 1339 1395 1401 1285 1146 1083 1387 1223 1089 1213 1513 1342 1285 1302 1230 2127 1776 1903 1897 1640 1705 2137 2347 2063 1996 2272 2222 1831 2092 2298 2560 2708 2381 2497 2550 2529 2047 2130
443 252 194 121 135 289 0 167 244 243 327 380 222 284 334 343 502 399 544 459 378 318 375 423 592 406 482 478 620 691 377 431 600 520 481 525 698 650 442 310 418 1388 1538 1330 1360 1242 834 1440 1283 1394 1273 953 1540 1385 1441 1440 1330 1191 1129 1306 1269 1135 1258 1345 1158 1136 1118 1114 2173 1822 1948 1942 1685 1750 2182 2392 2109 2041 2318 2267 1876 2137 2343 2605 2753 2427 2543 2595 2574 2092 2176
536 335 270 197 116 236 129 0 97 346 391 450 283 306 246 203 522 261 419 368 303 173 246 297 499 285 400 396 537 609 391 458 693 541 434 472 604 529 477 404 511 1306 1456 1248 1278 1160 752 1358 1200 1312 1191 871 1458 1302 1358 1364 1248 1109 1046 1265 1187 1052 1176 1305 1118 1095 1078 1074 2091 1739 1866 1860 1603 1668 2100 2310 2027 1959 2235 2185 1794 2055 2261 2523 2671 2344 2460 2513 2492 2010 2094
590 376 356 284 207 243 207 95 0 423 421 480 313 336 234 174 532 163 367 362 296 157 183 291 448 187 304 300 442 513 421 488 742 561 427 464 551 475 507 482 556 1210 1360 1152 1182 1064 656 1262 1105 1216 1095 775 1362 1207 1263 1268 1153 1013 951 1255 1091 957 1080 1359 1171 1149 1132 1050 1995 1644 1770 1764 1507 1573 2004 2214 1931 1863 2140 2089 1698 1959 2165 2427 2575 2249 2365 2417 2396 1914 1998
425 227 174 182 277 409 225 341 417 0 338 363 273 337 456 469 537 556 613 642 560 497 556 603 772 586 663 658 800 871 430 479 582 568 534 593 795 725 442 288 400 1568 1718 1510 1540 1408 1014 1620 1463 1574 1453 1133 1720 1565 1606 1579 1511 1371 1309 1445 1415 1315 1438 1484 1297 1274 1257 1253 2353 2002 2128 2122 1865 1931 2362 2572 2289 2221 2498 2447 2056 2317 2523 2785 2933 2607 2723 2775 2754 2272 2356
253 122 184 263 293 337 309 386 413 321 0 113 108 159 370 402 350 498 426 745 664 552 569 676 764 547 659 567 640 729 200 220 402 309 311 363 538 538 177 210 190 1415 1538 1357 1387 1221 916 1522 1365 1476 1355 1096 1622 1466 1522 1528 1412 1273 1210 1515 1351 1216 1340 1640 1456 1412 1416 1371 2255 1903 2030 2024 1767 1832 2264 2474 2191 2123 2399 2349 1958 2219 2425 2687 2835 2508 2624 2677 2656 2174 2258
212 224 260 338 359 358 362 445 472 346 108 0 189 155 386 423 302 529 377 770 688 605 622 723 716 573 611 514 592 681 147 153 302 230 258 310 449 457 78 235 187 1367 1490 1309 1339 1158 868 1474 1316 1428 1307 1048 1574 1418 1474 1480 1364 1225 1162 1466 1303 1168 1292 1592 1467 1364 1405 1323 2207 1855 1982 1976 1719 1784 2216 2426 2143 2075 2351 2301 1910 2171 2377 2639 2787 2460 2576 2629 2608 2126 2210
342 89 126 159 185 228 204 278 305 256 103 182 0 98 261 293 315 390 390 639 559 444 461 568 700 439 556 531 605 694 175 208 454 297 287 338 531 503 219 224 268 1380 1503 1322 1352 1186 881 1487 1329 1441 1320 1061 1587 1431 1487 1493 1377 1238 1175 1479 1316 1181 1305 1538 1351 1329 1311 1307 2220 1868 1995 1989 1732 1797 2229 2439 2156 2088 2364 2314 1923 2184 2390 2652 2800 2473 2589 2642 2621 2139 2223
293 176 211 221 215 214 266 301 328 321 154 149 91 0 248 279 227 386 302 657 591 461 478 586 640 457 535 436 517 605 96 163 418 245 200 258 460 414 183 311 314 1292 1414 1234 1264 1098 792 1398 1241 1352 1231 973 1498 1343 1399 1404 1289 1149 1087 1391 1227 1093 1216 1517 1391 1289 1330 1248 2131 1780 1906 1900 1643 1709 2140 2350 2067 1999 2276 2225 1834 2095 2301 2563 2711 2385 2501 2553 2532 2050 2134
467 351 348 287 216 68 297 242 226 440 365 379 255 244 0 96 396 206 239 585 517 332 335 452 573 314 429 361 442 540 250 317 600 344 210 248 421 349 365 487 519 1226 1349 1168 1199 1033 730 1335 1176 1290 1169 900 1436 1280 1336 1342 1226 1087 1024 1328 1164 1030 1154 1454 1328 1226 1267 1175 2069 1717 1844 1838 1581 1646 2078 2288 2004 1937 2213 2163 1772 2033 2239 2501 2649 2322 2438 2491 2470 1988 2071
479 367 361 304 231 126 305 198 167 453 397 417 286 276 88 0 422 116 237 511 443 258 260 377 496 239 353 312 393 525 324 392 636 418 285 322 422 346 440 503 534 1224 1346 1166 1196 1030 717 1323 1166 1278 1157 823 1423 1268 1324 1330 1214 1075 1012 1316 1152 1018 1141 1442 1257 1214 1198 1098 2056 1705 1832 1826 1569 1634 2066 2275 1992 1925 2201 2151 1760 2020 2227 2489 2637 2310 2426 2479 2457 1975 2059
562 592 602 537 485 463 433 386 285 634 558 519 521 433 407 353 0 262 74 601 547 376 350 420 413 270 308 341 409 439 428 495 719 560 466 501 523 447 534 666 616 1118 1268 1060 1091 973 564 1170 1013 1125 1004 745 1270 1115 1171 1177 1061 922 859 1163 999 865 988 1289 1163 1061 1102 1020 1903 1552 1679 1673 1416 1481 1913 2123 1839 1772 2048 1998 1607 1867 2074 2336 2484 2157 2273 2326 2304 1822 1906
544 453 447 390 317 236 362 258 155 539 493 502 383 382 198 113 478 0 302 490 427 243 240 357 418 198 274 253 327 466 393 461 701 480 354 356 475 400 509 589 599 1178 1328 1120 1150 1032 624 1230 1073 1184 1063 745 1330 1174 1231 1236 1120 981 919 1223 1059 924 1048 1348 1223 1120 1119 1020 1963 1612 1738 1732 1475 1540 1972 2182 1899 1831 2108 2057 1666 1927 2133 2395 2543 2217 2332 2385 2364 1882 1966
487 517 527 462 410 388 358 311 210 559 483 444 446 358 332 278 420 169 0 526 472 301 275 344 337 195 232 266 334 364 352 420 644 485 391 426 447 372 459 591 541 1043 1193 985 1015 897 489 1095 938 1049 929 670 1195 1040 1096 1102 986 847 784 1088 924 790 913 1214 1088 986 1027 945 1828 1477 1604 1598 1340 1406 1838 2047 1764 1697 1973 1923 1531 1792 1999 2260 2409 2082 2198 2251 2229 1747 1831
828 642 593 528 481 601 422 366 356 625 735 759 633 653 578 508 831 480 642 0 198 297 268 206 369 331 345 558 700 763 748 815 990 896 778 774 858 783 828 700 808 1421 1571 1363 1394 1296 867 1458 1316 1245 1124 807 1391 1236 1214 1187 1127 1042 980 1053 1024 985 1109 1092 905 883 865 861 2024 1673 1799 1793 1536 1601 2033 2243 1960 1892 2169 2118 1727 1988 2194 2456 2604 2278 2394 2446 2425 1943 2027
751 561 511 446 416 533 340 300 290 544 653 678 553 588 509 440 777 417 589 155 0 247 241 288 472 297 390 530 672 743 682 749 908 832 710 739 805 729 763 619 726 1462 1612 1405 1435 1318 909 1514 1357 1358 1237 917 1504 1348 1284 1258 1197 1155 1092 1123 1094 1098 1222 1163 975 953 935 931 2137 1785 1912 1906 1649 1714 2146 2356 2072 2005 2281 2231 1840 2101 2307 2569 2717 2390 2506 2559 2538 2056 2139
673 497 440 367 286 349 281 170 149 480 547 599 437 458 325 255 606 233 418 255 217 0 104 187 396 163 267 359 501 572 539 606 830 659 526 554 634 559 633 555 663 1293 1444 1236 1266 1148 740 1346 1188 1283 1162 794 1429 1274 1330 1335 1219 1080 1018 1270 1158 1023 1147 1310 1122 1100 1082 1069 2062 1711 1837 1831 1574 1639 2071 2281 1998 1930 2207 2156 1765 2026 2232 2494 2642 2316 2431 2484 2463 1981 2065
647 524 506 441 360 351 338 244 175 539 564 605 454 475 327 257 580 230 392 225 211 90 0 118 294 80 171 313 456 526 513 580 804 645 528 530 608 533 619 614 701 1242 1392 1184 1214 1122 688 1294 1137 1185 1064 707 1331 1176 1232 1237 1121 982 920 1224 1060 926 1049 1304 1117 1094 1077 982 1964 1613 1739 1733 1476 1541 1973 2183 1900 1832 2109 2058 1667 1928 2134 2396 2544 2218 2334 2386 2365 1883 1967
722 604 554 490 410 468 386 295 285 587 671 680 562 582 444 374 656 347 467 185 258 171 117 0 232 179 161 390 532 579 588 655 879 721 621 606 683 608 694 662 769 1237 1387 1179 1210 1112 684 1289 1132 1162 1041 689 1308 1152 1209 1214 1098 959 897 1201 1037 902 1026 1256 1069 1046 1029 964 1941 1590 1716 1710 1453 1518 1950 2160 1877 1809 2086 2035 1644 1905 2111 2373 2521 2195 2310 2363 2342 1860 1944
715 745 725 660 615 590 556 499 440 757 711 673 675 587 561 493 648 400 460 350 444 384 295 221 0 268 166 424 542 572 581 648 872 714 620 640 676 601 687 819 770 1225 1375 1167 1197 1105 671 1228 1120 1097 976 549 1242 1087 1143 1149 1033 894 831 1135 971 810 960 1237 1063 974 923 824 1875 1524 1651 1645 1388 1453 1885 2095 1811 1744 2020 1970 1579 1839 2046 2308 2456 2129 2245 2298 2276 1794 1878
566 503 497 440 367 330 369 283 179 570 543 524 433 438 306 236 499 180 311 288 267 150 80 166 245 0 125 233 375 446 432 499 723 565 464 449 527 452 538 639 621 1177 1327 1119 1149 1041 623 1229 1072 1144 1023 642 1290 1134 1191 1196 1080 941 879 1183 1019 884 1008 1308 1156 1067 1017 917 1923 1572 1698 1692 1435 1500 1932 2142 1859 1791 2068 2017 1626 1887 2093 2355 2503 2177 2292 2345 2324 1842 1926
610 620 613 549 484 447 445 397 296 646 606 568 550 482 422 350 543 256 355 324 360 253 170 148 142 124 0 296 437 467 476 543 767 609 515 512 571 496 582 715 665 1120 1270 1062 1092 1000 566 1172 1015 1050 929 571 1196 1040 1097 1102 986 847 785 1089 925 790 914 1214 1085 986 946 846 1829 1478 1604 1598 1341 1406 1838 2048 1765 1697 1974 1923 1532 1793 1999 2261 2409 2083 2198 2251 2230 1748 1832
594 596 609 544 492 373 441 394 293 642 562 507 525 430 354 309 514 235 318 515 500 345 313 377 401 226 291 0 141 212 378 445 728 405 296 280 400 325 493 698 647 1037 1187 979 1009 895 483 1089 931 1251 1130 694 1397 1242 1298 1303 1187 1048 986 1290 1126 956 1115 1382 1208 1120 1069 969 2023 1679 1805 1799 1542 1498 2039 2249 1966 1898 2175 2124 1733 1994 2200 2462 2610 2284 2400 2452 2431 1949 2033
620 650 699 673 600 454 583 533 435 784 616 577 579 491 435 390 553 317 324 657 642 487 455 519 528 368 433 77 0 158 459 526 777 486 377 355 310 227 574 724 674 982 1112 925 955 796 429 1035 877 1263 1142 837 1409 1253 1310 1315 1199 1060 998 1302 1138 1003 1127 1427 1302 1199 1211 1111 1969 1629 1770 1749 1554 1444 2051 2261 1978 1910 2187 2136 1745 2006 2212 2474 2622 2296 2411 2464 2443 1961 2045
708 738 787 757 705 586 653 606 505 854 704 666 668 580 533 522 642 447 413 728 713 558 526 575 558 438 471 148 155 0 574 637 865 590 508 443 399 316 680 813 763 905 1030 847 878 750 459 1020 838 1293 1172 899 1439 1283 1340 1345 1229 1090 1028 1332 1168 1033 1157 1457 1332 1229 1270 1173 1999 1659 1800 1779 1584 1439 2081 2291 2008 1940 2217 2166 1775 2036 2242 2504 2652 2325 2441 2494 2473 1991 2075
286 229 283 314 300 250 359 386 413 413 195 141 169 90 240 321 145 380 197 705 652 518 505 562 545 418 458 349 441 509 0 74 361 149 122 174 376 342 126 366 280 1219 1342 1161 1191 1025 720 1326 1168 1280 1159 900 1426 1270 1326 1332 1216 1077 1014 1318 1155 1020 1144 1444 1319 1216 1257 1175 2059 1707 1834 1828 1571 1636 2068 2278 1995 1927 2203 2153 1762 2023 2229 2491 2639 2312 2428 2481 2460 1978 2062
351 261 315 367 367 317 413 453 481 462 215 147 201 157 307 372 195 430 247 763 719 568 555 612 594 468 508 416 491 559 72 0 368 126 189 202 360 368 100 390 287 1269 1392 1211 1241 1069 770 1376 1218 1330 1209 950 1476 1320 1376 1382 1266 1127 1064 1368 1205 1070 1194 1494 1369 1266 1307 1225 2109 1757 1884 1878 1621 1686 2118 2328 2045 1977 2253 2203 1812 2073 2279 2541 2689 2362 2478 2531 2510 2028 2112
225 444 476 554 621 600 578 685 734 562 396 296 448 415 590 616 438 674 490 943 874 811 798 855 838 711 751 699 735 802 356 361 0 445 473 524 633 635 292 419 232 1512 1635 1455 1485 1319 1013 1619 1462 1573 1452 1194 1719 1564 1620 1625 1509 1370 1308 1612 1448 1314 1437 1738 1612 1510 1551 1469 2352 2001 2127 2121 1864 1929 2361 2571 2288 2220 2497 2446 2055 2316 2522 2784 2932 2606 2722 2774 2753 2271 2355
353 350 404 457 450 343 502 536 552 551 304 224 290 240 333 415 256 470 309 825 784 630 617 673 656 529 569 376 485 566 147 120 345 0 190 164 268 277 152 467 364 1219 1342 1161 1191 977 831 1334 1169 1392 1271 1012 1537 1382 1438 1444 1328 1189 1126 1430 1266 1132 1255 1556 1430 1328 1369 1287 2170 1819 1946 1940 1682 1748 2180 2389 2106 2039 2315 2265 1874 2134 2341 2603 2751 2424 2540 2593 2571 2089 2173
357 340 394 418 367 210 450 429 419 517 306 252 280 194 200 282 260 343 258 736 680 512 527 608 605 457 518 266 376 484 117 183 372 187 0 93 300 273 238 462 391 1205 1328 1147 1177 1009 779 1320 1154 1341 1220 926 1486 1331 1387 1393 1277 1138 1075 1379 1215 1081 1205 1505 1379 1277 1300 1201 2119 1768 1895 1889 1632 1697 2129 2339 2055 1988 2264 2214 1823 2084 2290 2552 2700 2373 2489 2542 2521 2038 2122
410 392 446 477 404 247 487 467 457 576 358 304 332 253 237 319 285 345 285 731 708 540 529 593 617 442 507 251 352 419 168 196 424 162 64 0 216 189 277 514 443 1129 1252 1072 1102 925 714 1244 1079 1368 1247 911 1513 1358 1414 1420 1304 1165 1102 1406 1242 1108 1232 1532 1406 1304 1285 1185 2146 1795 1922 1916 1659 1663 2156 2366 2082 2015 2291 2241 1850 2111 2317 2579 2727 2400 2516 2569 2548 2065 2149
530 584 638 651 578 421 661 600 541 778 533 442 524 455 411 419 487 465 297 814 773 618 605 662 645 518 558 356 307 375 370 354 533 264 270 212 0 85 370 685 581 950 1073 892 922 708 670 1065 899 1380 1259 1001 1526 1370 1427 1432 1316 1177 1115 1419 1255 1120 1244 1545 1419 1316 1357 1276 2099 1808 1934 1879 1671 1483 2168 2378 2095 2027 2304 2253 1862 2123 2329 2591 2739 2413 2528 2581 2560 2078 2162
517 547 596 603 530 373 613 525 466 706 513 450 476 389 341 343 450 389 222 738 697 543 530 587 569 443 483 273 224 291 344 363 542 273 243 185 47 0 378 621 572 1000 1123 942 972 773 587 1115 950 1305 1184 925 1451 1295 1351 1357 1241 1102 1039 1343 1180 1045 1169 1469 1344 1241 1282 1200 2084 1732 1859 1853 1596 1534 2093 2303 2020 1952 2228 2178 1787 2048 2254 2516 2664 2337 2453 2506 2485 2003 2087
255 273 327 379 386 365 424 472 500 425 172 71 213 180 355 437 272 498 324 786 733 615 632 689 672 545 585 464 569 636 121 94 192 148 196 274 331 373 0 314 211 1321 1443 1263 1293 1079 847 1436 1270 1407 1286 1028 1553 1398 1454 1459 1343 1204 1142 1446 1282 1148 1271 1572 1446 1344 1384 1303 2186 1835 1961 1955 1698 1763 2195 2405 2122 2054 2331 2280 1889 2150 2356 2618 2766 2440 2556 2608 2587 2105 2189
186 134 181 269 349 442 292 399 476 272 200 225 218 308 479 500 400 579 453 658 588 538 613 660 800 631 713 666 697 764 360 383 319 463 436 500 634 592 302 0 215 1475 1598 1417 1447 1281 975 1581 1424 1536 1415 1156 1681 1526 1582 1588 1472 1333 1270 1505 1410 1276 1399 1544 1357 1335 1317 1313 2314 1963 2090 2084 1827 1892 2324 2533 2250 2183 2459 2409 2018 2278 2485 2747 2895 2568 2684 2737 2715 2233 2317
181 256 298 376 428 486 400 507 548 384 179 176 262 311 509 528 351 586 403 765 696 645 703 768 750 624 663 617 647 714 275 280 132 360 350 439 543 543 199 192 0 1425 1548 1367 1397 1231 926 1531 1374 1486 1365 1106 1631 1476 1532 1538 1422 1283 1220 1524 1360 1226 1350 1650 1524 1422 1463 1381 2264 1913 2040 2034 1777 1842 2274 2484 2200 2133 2409 2359 1968 2229 2435 2697 2845 2518 2634 2687 2666 2184 2267
1395 1425 1473 1448 1395 1274 1344 1297 1196 1545 1391 1352 1354 1266 1219 1221 1328 1151 1099 1400 1428 1273 1241 1224 1202 1173 1115 973 980 881 1255 1305 1451 1215 1176 1126 854 940 1319 1475 1436 0 312 202 83 674 633 206 255 1208 1099 789 1234 1187 1276 1271 1155 1016 955 1257 1094 935 1084 1354 1230 1154 1101 977 1194 1122 1316 1116 1375 618 2022 2130 1946 1859 2146 2072 1691 1939 2179 2426 2594 2266 2325 2413 2251 1928 2002
1517 1547 1596 1598 1536 1397 1494 1447 1346 1695 1513 1475 1477 1389 1341 1343 1450 1301 1222 1550 1578 1423 1391 1374 1352 1323 1265 1123 1109 1006 1378 1428 1574 1338 1298 1248 977 1063 1442 1598 1559 287 0 224 344 675 783 461 443 1463 1354 1044 1489 1442 1531 1526 1410 1271 1210 1512 1349 1190 1339 1609 1485 1409 1356 1231 1449 1377 1571 1371 1630 872 2277 2385 2201 2114 2401 2321 1945 2194 2434 2681 2849 2521 2580 2668 2500 2183 2257
1337 1367 1415 1390 1338 1216 1286 1239 1138 1487 1333 1294 1296 1208 1161 1163 1270 1093 1041 1342 1370 1216 1183 1166 1144 1115 1057 915 922 823 1197 1247 1394 1157 1118 1068 796 882 1261 1417 1378 177 221 0 207 546 575 392 258 1322 1214 903 1349 1302 1391 1386 1270 1131 1070 1372 1209 1050 1199 1469 1344 1269 1215 1091 1309 1237 1431 1231 1489 732 2137 2245 2061 1974 2261 2220 1805 2054 2293 2541 2709 2381 2440 2528 2401 2043 2117
1367 1397 1446 1420 1368 1246 1316 1269 1168 1517 1363 1325 1326 1238 1191 1193 1300 1123 1072 1372 1400 1246 1213 1197 1174 1146 1087 945 952 853 1227 1278 1424 1188 1148 1098 827 912 1291 1448 1408 58 341 206 0 646 606 290 227 1279 1171 861 1306 1258 1347 1343 1226 1087 1027 1329 1166 1007 1156 1425 1302 1226 1173 1048 1265 1194 1387 1187 1446 689 2093 2202 2018 1930 2218 2156 1762 2010 2250 2498 2666 2337 2396 2484 2335 2000 2074
1201 1231 1280 1290 1219 1080 1195 1148 1047 1389 1197 1151 1160 1072 1025 1027 1134 1002 906 1262 1279 1125 1112 1086 1069 1024 982 828 793 725 1061 1063 1242 973 979 921 612 713 1077 1282 1242 648 672 545 641 0 691 788 623 1688 1580 1124 1715 1667 1756 1752 1635 1496 1436 1734 1575 1359 1565 1759 1634 1559 1505 1380 1674 1602 1796 1596 1855 1098 2502 2611 2427 2339 2626 2586 2171 2419 2659 2907 3075 2746 2805 2893 2766 2409 2483
891 921 959 894 842 792 790 743 642 991 887 849 851 763 737 706 825 597 637 846 874 720 687 670 648 619 561 419 426 435 752 818 948 857 750 710 586 527 852 972 933 608 780 574 600 653 0 685 528 1159 1051 562 1186 1138 1227 1221 1105 967 907 1158 1044 782 1034 1182 1057 982 928 804 1471 1260 1400 1393 1411 986 1973 2082 1898 1810 2097 2056 1642 1890 2130 2378 2546 2217 2276 2364 2339 1880 1954
1497 1527 1564 1500 1447 1389 1396 1349 1248 1597 1493 1455 1457 1369 1334 1312 1430 1203 1214 1427 1480 1325 1293 1276 1205 1225 1167 1025 1032 996 1358 1420 1554 1330 1291 1241 969 1055 1434 1578 1539 85 458 391 285 750 646 0 390 1009 900 700 1036 988 1077 1072 956 817 756 1058 895 736 885 1155 1056 956 977 887 993 921 1115 915 1174 417 1823 1932 1747 1660 1947 1906 1492 1740 1980 2227 2396 2067 2126 2214 2085 1729 1804
1340 1370 1407 1343 1290 1223 1239 1192 1091 1440 1336 1298 1299 1212 1168 1155 1273 1046 1049 1295 1323 1168 1136 1119 1096 1068 1009 867 874 814 1200 1255 1397 1165 1125 1075 804 890 1268 1421 1382 230 440 257 222 584 488 331 0 1280 1172 769 1307 1259 1348 1342 1226 1088 1028 1311 1166 935 1155 1335 1210 1136 1081 957 1269 1198 1391 1191 1450 693 2094 2203 2019 1931 2218 2178 1763 2011 2251 2499 2667 2338 2397 2485 2361 2001 2075
1435 1465 1502 1437 1385 1336 1334 1287 1186 1534 1431 1392 1394 1306 1280 1250 1368 1141 1180 1194 1298 1244 1159 1124 1044 1118 1020 1197 1259 1268 1295 1361 1492 1430 1299 1370 1357 1315 1395 1515 1476 1262 1517 1376 1333 1742 1212 1063 1333 0 254 820 362 245 140 222 322 381 444 325 455 559 682 411 436 582 682 686 1059 875 855 998 600 1097 1113 1323 1039 972 1248 1198 807 1067 1274 1536 1684 1357 1473 1526 1504 1022 1106
1303 1333 1370 1305 1253 1204 1202 1155 1054 1403 1299 1260 1262 1174 1148 1118 1236 1009 1048 1062 1166 1112 1028 992 912 987 888 1065 1127 1136 1163 1229 1360 1298 1167 1238 1225 1183 1263 1384 1344 1102 1357 1217 1174 1583 1053 903 1175 226 0 588 278 427 321 224 168 162 216 335 283 327 447 496 432 455 549 519 992 732 833 866 762 937 1296 1505 1222 1155 1431 1381 990 1250 1457 1718 1867 1540 1656 1709 1687 1205 1289
1048 1078 1084 1019 967 943 915 868 767 1116 1044 1005 1007 919 892 820 981 726 793 786 887 780 706 676 526 642 566 665 836 875 908 975 1105 1032 896 907 970 928 1008 1129 1089 844 1099 934 915 1137 575 754 824 799 582 0 842 821 773 704 588 469 410 599 487 260 537 687 513 424 373 274 1388 1128 1264 1262 1114 1055 1619 1829 1545 1478 1754 1704 1313 1574 1780 2042 2190 1863 1979 2032 2011 1528 1612
1571 1601 1638 1573 1521 1472 1469 1422 1321 1670 1567 1528 1530 1442 1416 1385 1504 1276 1316 1330 1434 1380 1295 1260 1180 1254 1156 1333 1394 1404 1431 1497 1627 1566 1435 1506 1493 1451 1531 1651 1612 1265 1520 1380 1336 1745 1216 1066 1337 334 275 787 0 528 430 340 371 396 459 475 531 580 715 606 583 685 796 766 882 622 665 756 593 865 1316 1526 1243 1175 1451 1401 1010 1271 1477 1739 1887 1560 1676 1729 1708 1226 1310
1422 1452 1489 1424 1372 1323 1320 1273 1172 1521 1418 1379 1381 1293 1267 1236 1355 1127 1167 1181 1285 1231 1146 1111 1031 1105 1007 1184 1245 1255 1282 1348 1478 1417 1286 1357 1344 1302 1382 1502 1463 1248 1503 1363 1320 1729 1198 1050 1320 214 424 752 497 0 238 379 470 554 544 381 544 546 669 354 410 560 652 712 1043 912 840 982 585 1083 1096 1306 1023 955 1231 1181 790 1051 1257 1519 1667 1340 1456 1509 1488 1006 1089
1478 1508 1545 1480 1428 1379 1377 1330 1229 1577 1474 1435 1437 1349 1323 1293 1411 1184 1223 1193 1254 1287 1202 1167 1087 1161 1063 1240 1302 1311 1338 1404 1535 1473 1342 1413 1400 1358 1438 1558 1519 1305 1560 1419 1376 1785 1255 1106 1376 110 318 718 422 196 0 159 269 406 481 202 365 533 723 270 312 466 558 563 1102 943 898 1041 643 1140 1156 1366 1082 1015 1291 1241 850 1110 1317 1579 1727 1400 1516 1569 1547 1065 1149
1472 1502 1539 1475 1422 1373 1371 1324 1223 1563 1468 1430 1431 1343 1317 1287 1405 1178 1217 1166 1228 1282 1197 1161 1081 1156 1057 1234 1296 1306 1332 1399 1529 1467 1336 1407 1394 1353 1432 1553 1513 1273 1528 1388 1345 1754 1223 1075 1345 194 213 649 332 338 150 0 169 274 349 174 292 442 621 306 285 420 531 527 1112 852 895 986 746 1095 1258 1468 1185 1117 1394 1343 952 1213 1419 1681 1829 1503 1619 1671 1650 1168 1252
1356 1386 1423 1359 1306 1257 1255 1208 1107 1456 1352 1314 1315 1227 1201 1171 1289 1062 1101 1106 1167 1166 1081 1045 965 1040 941 1118 1180 1190 1216 1283 1413 1352 1221 1291 1278 1237 1316 1437 1397 1157 1412 1272 1229 1638 1107 959 1229 294 142 534 363 429 260 167 0 189 264 178 186 327 507 357 275 314 432 421 1143 883 926 1017 846 992 1359 1569 1285 1218 1494 1444 1053 1314 1520 1782 1930 1603 1719 1772 1750 1268 1352
1221 1251 1288 1223 1171 1122 1120 1073 972 1321 1217 1179 1180 1092 1066 1036 1154 927 966 980 1084 1030 946 910 830 905 806 983 1045 1054 1081 1148 1278 1216 1085 1156 1143 1101 1181 1302 1262 1020 1275 1135 1092 1501 972 821 1093 353 136 414 388 513 398 272 186 0 85 334 224 207 369 514 421 372 413 383 975 715 851 849 807 855 1414 1624 1341 1273 1550 1499 1108 1369 1575 1837 1985 1659 1775 1827 1806 1324 1408
1158 1188 1225 1161 1108 1059 1057 1010 909 1258 1154 1116 1117 1030 1003 973 1091 864 903 918 1021 968 883 847 767 842 743 921 982 992 1019 1085 1215 1154 1023 1093 1081 1039 1118 1239 1200 958 1213 1073 1029 1438 909 759 1030 416 199 356 451 513 473 347 261 81 0 388 224 149 309 554 434 332 373 343 1025 765 900 899 846 793 1352 1561 1278 1211 1487 1437 1046 1306 1513 1775 1923 1596 1712 1765 1743 1261 1345
1458 1486 1441 1395 1344 1359 1269 1263 1209 1428 1454 1416 1418 1330 1304 1273 1391 1164 1203 1032 1093 1253 1183 1148 1067 1142 1043 1221 1282 1292 1319 1385 1515 1454 1323 1394 1381 1339 1419 1468 1500 1260 1515 1375 1331 1737 1160 1061 1313 297 309 544 467 340 193 172 175 326 385 0 194 419 609 205 151 293 397 388 1245 987 1030 1121 787 1095 1299 1509 1226 1158 1435 1384 993 1254 1460 1722 1870 1544 1660 1712 1691 1209 1293
1295 1325 1362 1297 1245 1196 1193 1146 1045 1394 1291 1252 1254 1166 1140 1109 1228 1000 1040 1002 1064 1104 1019 984 904 978 880 1057 1118 1128 1155 1221 1351 1290 1159 1230 1217 1175 1255 1375 1336 1096 1351 1211 1168 1576 1046 897 1167 427 257 433 523 503 356 290 183 216 221 191 0 255 445 357 240 192 290 277 1188 928 1064 1062 950 931 1463 1672 1389 1322 1598 1548 1157 1417 1624 1885 2034 1707 1823 1876 1854 1372 1456
1160 1190 1227 1163 1110 1061 1059 1012 911 1260 1156 1118 1119 1032 1005 975 1093 866 905 920 1023 970 885 849 769 844 745 922 984 994 1020 1087 1217 1156 1025 1095 1083 1041 1120 1241 1202 962 1217 1076 1033 1399 822 763 975 538 321 206 573 518 524 440 324 203 147 416 254 0 276 580 419 317 358 328 1127 867 1002 1001 852 797 1357 1567 1284 1216 1493 1442 1051 1312 1518 1780 1928 1602 1718 1770 1749 1267 1351
1284 1314 1351 1286 1234 1185 1183 1136 1034 1383 1280 1241 1243 1155 1129 1099 1217 989 1029 1043 1147 1093 1008 973 893 967 869 1046 1108 1117 1144 1210 1341 1279 1148 1219 1206 1164 1244 1364 1325 1085 1340 1200 1157 1565 1035 886 1156 663 444 483 695 642 714 619 504 364 307 606 444 250 0 770 609 507 548 518 1247 987 1123 1121 976 920 1481 1691 1408 1340 1616 1566 1175 1436 1642 1904 2052 1725 1841 1894 1873 1391 1475
1596 1526 1480 1434 1383 1497 1308 1303 1346 1467 1592 1553 1532 1467 1441 1410 1529 1301 1341 1071 1132 1292 1303 1254 1205 1279 1181 1353 1419 1429 1456 1522 1652 1591 1460 1531 1518 1476 1556 1507 1637 1420 1675 1535 1492 1825 1248 1222 1402 381 487 632 598 312 261 304 355 506 552 202 346 553 769 0 193 344 436 477 1219 1088 1016 1158 761 1255 1272 1482 1199 1131 1407 1357 966 1227 1433 1695 1843 1516 1632 1685 1664 1182 1266
1446 1339 1293 1247 1196 1331 1121 1115 1166 1280 1451 1416 1345 1330 1304 1254 1392 1164 1204 884 945 1105 1116 1067 1040 1142 1044 1179 1282 1292 1319 1385 1515 1454 1323 1394 1381 1339 1419 1320 1500 1247 1502 1362 1319 1651 1074 1061 1228 407 406 458 575 369 303 283 272 413 432 148 228 393 608 126 0 157 249 316 1276 1095 1073 1215 817 1095 1328 1538 1255 1187 1464 1413 1022 1283 1489 1751 1899 1573 1688 1741 1720 1238 1322
1356 1316 1270 1224 1174 1257 1098 1093 1107 1258 1352 1314 1315 1228 1201 1171 1289 1062 1101 861 923 1082 1081 1045 951 1040 941 1090 1180 1190 1216 1283 1413 1352 1221 1291 1279 1237 1316 1297 1398 1158 1413 1273 1229 1562 986 959 1139 554 429 370 678 519 457 417 311 368 330 290 190 290 506 277 139 0 216 214 1319 1059 1194 1193 967 993 1478 1688 1405 1337 1614 1563 1172 1433 1639 1901 2049 1723 1838 1891 1870 1388 1472
1397 1299 1253 1207 1156 1291 1081 1075 1126 1240 1393 1355 1305 1269 1242 1195 1330 1101 1142 844 905 1065 1076 1027 900 1016 941 1040 1210 1231 1257 1324 1454 1393 1262 1281 1319 1278 1357 1280 1438 1108 1363 1222 1179 1512 935 1000 1088 653 523 319 788 611 549 529 430 409 371 394 288 331 547 369 232 213 0 163 1359 1099 1235 1233 1060 1034 1570 1780 1497 1429 1706 1655 1264 1525 1731 1993 2141 1815 1931 1983 1962 1480 1564
1323 1295 1249 1203 1152 1218 1077 1072 1042 1236 1319 1280 1282 1194 1167 1095 1256 1001 1068 840 901 1055 981 951 800 916 841 940 1110 1150 1183 1249 1380 1307 1171 1182 1245 1203 1283 1276 1364 1008 1263 1122 1080 1412 835 919 988 658 493 219 758 670 554 525 419 378 340 386 275 301 517 410 311 211 156 0 1329 1069 1205 1203 1059 1003 1564 1774 1491 1423 1700 1649 1258 1519 1725 1987 2135 1809 1924 1977 1956 1474 1558
2229 2259 2296 2232 2180 2130 2128 2081 1980 2329 2225 2187 2189 2101 2075 2044 2162 1935 1974 1989 2092 2039 1954 1919 1838 1913 1814 1959 1966 1976 2090 2156 2286 2225 2094 2165 2003 2067 2190 2310 2271 1342 1597 1457 1414 1823 1620 1141 1418 1096 1123 1519 999 1081 1139 1229 1261 1106 1156 1283 1319 1258 1378 1257 1313 1449 1490 1460 0 457 370 264 560 705 1200 1375 1248 1180 1250 845 1015 1276 1482 1645 1736 1409 1525 1375 1076 1231 1315
1863 1893 1930 1865 1813 1764 1762 1715 1614 1963 1859 1821 1822 1734 1708 1678 1796 1569 1608 1622 1726 1672 1588 1552 1472 1547 1448 1619 1626 1636 1723 1790 1920 1858 1727 1798 1785 1727 1823 1944 1904 1128 1383 1243 1199 1608 1279 927 1203 895 752 1148 642 932 963 872 903 735 785 1007 948 887 1007 1108 1115 1078 1119 1089 308 0 271 236 569 583 1330 1540 1257 1190 1466 1227 1024 1285 1491 1753 1902 1575 1691 1744 1458 1240 1324
1999 2029 2066 2002 1949 1900 1898 1851 1750 2099 1995 1957 1958 1871 1844 1814 1932 1705 1744 1759 1862 1809 1724 1688 1608 1683 1584 1760 1767 1777 1859 1926 2056 1995 1864 1934 1921 1868 1959 2080 2040 1336 1591 1451 1408 1817 1421 1135 1412 891 854 1284 685 876 934 916 947 871 921 1051 1084 1023 1143 1052 1108 1215 1255 1225 333 251 0 278 355 791 1116 1326 1043 975 1252 1141 810 1071 1277 1539 1687 1361 1477 1529 1371 1026 1110
1983 2013 2051 1986 1934 1884 1882 1835 1734 2083 1979 1941 1943 1855 1829 1798 1917 1689 1729 1743 1847 1793 1708 1673 1593 1667 1569 1739 1746 1756 1844 1910 2040 1979 1848 1919 1783 1847 1944 2064 2025 1122 1377 1237 1194 1603 1400 922 1198 1004 873 1269 762 989 1047 993 1024 855 905 1128 1069 1007 1128 1165 1221 1199 1240 1210 217 216 258 0 468 577 1229 1439 1156 1088 1365 1034 923 1184 1390 1652 1800 1474 1589 1564 1265 1139 1223
1742 1772 1809 1744 1692 1643 1640 1593 1492 1841 1738 1699 1701 1613 1587 1556 1675 1447 1487 1501 1605 1551 1466 1431 1351 1425 1327 1504 1565 1575 1602 1668 1798 1737 1606 1677 1664 1622 1702 1822 1783 1376 1631 1491 1448 1857 1413 1176 1452 608 764 1127 595 593 651 754 854 809 859 795 958 866 989 769 825 975 1068 1072 523 550 319 462 0 831 890 1100 816 749 1025 975 584 845 1051 1313 1461 1134 1250 1303 1282 800 883
1810 1840 1877 1813 1760 1711 1709 1662 1561 1910 1806 1768 1769 1682 1655 1625 1743 1516 1555 1570 1673 1620 1535 1499 1419 1494 1395 1434 1441 1414 1670 1737 1867 1749 1675 1659 1388 1474 1770 1891 1852 727 982 842 798 1207 1095 526 802 1170 1033 1164 919 1172 1229 1150 1102 965 902 1204 1040 906 1029 1347 1204 1102 1143 1113 556 577 771 571 829 0 1651 1861 1578 1510 1787 1551 1345 1606 1812 2074 2222 1896 2011 2064 1782 1561 1645
2224 2254 2291 2227 2174 2125 2123 2076 1975 2324 2220 2182 2183 2095 2069 2039 2157 1930 1969 1983 2087 2034 1949 1913 1833 1908 1809 1986 2048 2058 2084 2151 2281 2219 2088 2159 2146 2105 2184 2305 2265 2051 2306 2166 2122 2531 2001 1852 2122 1062 1272 1555 1285 1034 1127 1236 1333 1398 1344 1276 1430 1322 1471 1235 1303 1450 1527 1523 1147 1310 1080 1222 888 1597 0 333 248 240 189 532 435 465 502 658 751 424 536 482 775 694 658
2426 2456 2493 2429 2376 2327 2325 2278 2177 2526 2422 2384 2385 2298 2271 2241 2359 2132 2171 2186 2289 2236 2151 2115 2035 2110 2011 2188 2250 2260 2286 2353 2483 2422 2291 2361 2349 2307 2386 2507 2468 2253 2508 2368 2325 2733 2203 2054 2324 1264 1474 1757 1487 1236 1329 1438 1535 1600 1546 1478 1633 1524 1673 1438 1505 1652 1729 1725 1313 1512 1282 1425 1090 1799 329 0 378 529 417 699 709 648 459 500 629 302 615 710 1003 829 792
2151 2181 2218 2153 2101 2052 2050 2002 1901 2250 2147 2108 2110 2022 1996 1965 2084 1856 1896 1910 2014 1960 1875 1840 1760 1834 1736 1913 1975 1984 2011 2077 2208 2146 2015 2086 2073 2031 2111 2231 2192 1978 2232 2092 2049 2458 1927 1779 2049 989 1199 1481 1212 961 1053 1162 1260 1324 1270 1203 1357 1248 1397 1162 1230 1376 1454 1450 1198 1237 1007 1149 815 1523 244 248 0 214 380 584 426 361 338 532 694 469 649 673 891 590 553
2083 2113 2150 2086 2033 1984 1982 1935 1834 2183 2079 2041 2042 1954 1928 1898 2016 1789 1828 1843 1946 1893 1808 1772 1692 1767 1668 1845 1907 1917 1943 2010 2140 2079 1948 2018 2005 1964 2043 2164 2124 1910 2165 2025 1981 2390 1860 1711 1981 921 1131 1414 1144 893 986 1095 1192 1257 1203 1135 1289 1181 1330 1094 1162 1309 1386 1382 1131 1169 939 1081 747 1456 236 423 207 0 383 516 358 430 540 733 895 583 698 676 824 645 623
2377 2407 2444 2379 2327 2278 2275 2228 2127 2476 2373 2334 2336 2248 2222 2191 2310 2082 2122 2136 2240 2186 2101 2066 1986 2060 1962 2139 2200 2210 2237 2303 2434 2372 2241 2312 2299 2257 2337 2457 2418 2203 2458 2318 2275 2684 2153 2005 2275 1215 1425 1707 1438 1187 1279 1388 1486 1550 1496 1429 1583 1474 1623 1388 1456 1602 1680 1676 1196 1463 1233 1375 1040 1749 185 311 373 354 0 582 578 597 604 704 795 468 347 292 585 825 789
2330 2360 2397 2332 2280 2231 2229 2182 2081 2429 2326 2287 2289 2201 2175 2145 2263 2036 2075 2089 2193 2139 2054 2019 1939 2013 1915 2092 2154 2163 2190 2256 2387 2325 2194 2265 2252 2210 2290 2410 2371 2063 2312 2213 2147 2578 2107 1897 2173 1168 1378 1660 1391 1140 1232 1342 1439 1503 1449 1382 1536 1427 1576 1341 1409 1555 1633 1629 793 1202 1105 1013 994 1482 527 600 614 526 566 0 438 733 893 976 1067 740 838 631 382 863 926
1939 1969 2006 1941 1889 1840 1838 1791 1690 2039 1935 1896 1898 1810 1784 1754 1872 1645 1684 1698 1802 1748 1664 1628 1548 1623 1524 1701 1763 1772 1799 1865 1996 1934 1803 1874 1861 1819 1899 2020 1980 1766 2021 1881 1837 2246 1716 1567 1837 777 987 1270 1000 749 841 951 1048 1113 1059 991 1145 1037 1186 950 1018 1164 1242 1238 998 1025 795 937 603 1311 431 600 419 332 563 432 0 350 556 818 1020 747 863 800 745 472 543
2200 2230 2267 2202 2150 2101 2098 2051 1950 2299 2196 2157 2159 2071 2045 2014 2133 1905 1945 1959 2063 2009 1924 1889 1809 1883 1785 1962 2023 2033 2060 2126 2257 2195 2064 2135 2122 2080 2160 2280 2241 2026 2281 2141 2098 2507 1976 1828 2098 1038 1248 1530 1261 1010 1102 1211 1309 1373 1319 1252 1406 1297 1446 1211 1279 1425 1503 1499 1259 1286 1056 1198 864 1572 461 432 323 404 581 728 348 0 293 555 757 795 944 889 1040 316 280
2406 2436 2473 2408 2356 2307 2305 2258 2157 2506 2402 2363 2365 2277 2251 2221 2339 2112 2151 2165 2269 2215 2131 2095 2015 2090 1991 2168 2230 2239 2266 2332 2463 2401 2270 2341 2328 2286 2366 2487 2447 2233 2488 2348 2304 2713 2183 2034 2304 1244 1454 1737 1467 1216 1308 1418 1515 1580 1526 1458 1612 1504 1653 1417 1485 1631 1709 1705 1465 1492 1262 1404 1070 1778 498 242 297 514 589 879 554 251 0 291 493 556 808 897 1190 423 386
2668 2698 2735 2670 2618 2569 2567 2520 2419 2768 2664 2625 2627 2539 2513 2483 2601 2374 2413 2427 2531 2477 2393 2357 2277 2352 2253 2430 2492 2501 2528 2594 2725 2663 2532 2603 2590 2548 2628 2749 2709 2495 2750 2610 2566 2975 2445 2296 2566 1506 1716 1999 1729 1478 1570 1680 1777 1841 1788 1720 1874 1765 1915 1679 1747 1893 1971 1967 1583 1754 1524 1666 1332 2040 654 283 498 707 683 961 816 513 279 0 273 335 683 900 1241 684 648
2787 2817 2855 2790 2738 2688 2686 2639 2538 2887 2783 2745 2747 2659 2633 2602 2721 2493 2532 2547 2651 2597 2512 2477 2396 2471 2372 2550 2611 2621 2648 2714 2844 2783 2652 2723 2710 2668 2748 2868 2829 2614 2869 2729 2686 3095 2564 2415 2685 1625 1836 2118 1849 1598 1690 1799 1897 1961 1907 1840 1994 1885 2034 1799 1866 2013 2091 2087 1674 1874 1644 1786 1451 2160 747 446 688 866 774 1052 1018 715 481 250 0 373 728 946 1287 886 850
2461 2491 2528 2463 2411 2362 2360 2313 2212 2561 2457 2418 2420 2332 2306 2276 2394 2167 2206 2220 2324 2270 2185 2150 2070 2145 2046 2223 2285 2294 2321 2387 2518 2456 2325 2396 2383 2341 2421 2542 2502 2288 2543 2402 2359 2768 2238 2089 2359 1299 1509 1791 1522 1271 1363 1473 1570 1634 1580 1513 1667 1558 1708 1472 1540 1686 1764 1760 1347 1547 1317 1459 1125 1833 420 197 463 539 448 726 741 754 543 313 370 0 447 665 1006 949 913
2594 2624 2661 2597 2544 2495 2493 2446 2345 2694 2590 2552 2553 2466 2439 2409 2527 2300 2339 2354 2457 2404 2319 2283 2203 2278 2179 2356 2418 2428 2454 2521 2651 2590 2459 2529 2517 2475 2554 2675 2635 2421 2676 2536 2492 2901 2371 2222 2492 1432 1642 1925 1655 1404 1497 1606 1703 1768 1714 1646 1800 1692 1841 1606 1673 1820 1897 1893 1481 1680 1450 1592 1258 1967 532 510 643 673 323 830 875 902 800 660 726 443 0 340 681 1156 1137
2669 2699 2737 2672 2620 2570 2568 2521 2420 2769 2665 2627 2629 2541 2515 2484 2603 2375 2415 2429 2533 2479 2394 2359 2278 2353 2255 2432 2493 2503 2530 2596 2726 2665 2534 2605 2592 2550 2630 2750 2711 2496 2751 2611 2568 2977 2446 2297 2568 1507 1718 2000 1731 1480 1572 1681 1779 1843 1789 1722 1876 1767 1916 1681 1749 1895 1973 1969 1321 1730 1526 1541 1333 2010 478 604 666 647 268 624 798 848 888 878 943 660 279 0 366 1118 1082
2636 2667 2704 2639 2587 2538 2535 2488 2387 2736 2632 2594 2596 2508 2482 2451 2570 2342 2382 2396 2500 2446 2361 2326 2246 2320 2222 2399 2460 2470 2497 2563 2693 2632 2501 2572 2559 2517 2597 2717 2678 2292 2542 2442 2376 2807 2413 2126 2403 1475 1685 1967 1698 1447 1539 1648 1746 1810 1756 1689 1843 1734 1883 1648 1716 1862 1940 1936 1022 1431 1335 1242 1300 1712 771 897 921 833 561 375 742 998 1182 1219 1285 1001 620 352 0 1170 1233
2129 2159 2196 2132 2079 2030 2028 1981 1880 2229 2125 2087 2088 2001 1974 1944 2062 1835 1874 1889 1992 1939 1854 1818 1738 1813 1714 1891 1953 1963 1989 2056 2186 2125 1994 2064 2052 2010 2089 2210 2170 1956 2211 2071 2027 2436 1906 1757 2027 967 1177 1460 1190 939 1032 1141 1238 1303 1249 1181 1335 1227 1376 1141 1208 1355 1432 1428 1188 1215 985 1127 793 1502 690 612 552 631 810 857 442 274 414 662 855 944 1097 1092 1140 0 183
2213 2243 2280 2216 2163 2114 2112 2065 1964 2313 2209 2171 2172 2084 2058 2028 2146 1919 1958 1973 2076 2023 1938 1902 1822 1897 1798 1975 2037 2047 2073 2140 2270 2209 2078 2148 2135 2094 2173 2294 2254 2040 2295 2155 2111 2520 1990 1841 2111 1051 1261 1544 1274 1023 1116 1225 1322 1387 1333 1265 1419 1311 1460 1224 1292 1439 1516 1512 1272 1299 1069 1211 877 1586 654 576 516 597 774 920 526 238 378 626 818 908 1076 1056 1203 177 0
