40 3
8280 3385 6390 7510 10090 8740 7295 4065 7665 10270 10870 8565 6725 1240 1515 10995 325 8955 7945 6285 9100 6925 2190 7220 2270 4805 9050 3780 5125 3320 3175 4710 9280 8935 3035 2885 3265 9765 7385 210
0 216 247 120 231 309 195 536 142 305 237 570 487 299 603 375 488 648 836 615 901 932 831 812 936 777 1043 812 685 1026 911 545 488 424 505 545 394 788 780 689
213 0 227 223 331 444 386 671 182 339 150 649 628 491 753 321 386 620 811 590 857 846 763 779 834 913 1110 947 875 1012 884 607 547 497 623 663 512 761 887 767
244 216 0 146 201 327 398 724 313 494 340 422 503 476 732 511 544 756 970 767 896 885 802 818 873 911 1176 946 807 1188 1060 744 688 624 705 745 594 938 979 541
118 217 137 0 129 247 263 589 232 405 301 464 433 341 645 466 561 738 928 708 917 907 824 840 895 824 1089 859 727 1127 1001 645 589 525 606 646 495 879 880 583
228 316 192 127 0 168 262 586 349 442 420 387 363 338 589 565 644 792 974 753 995 985 902 918 973 768 1034 803 667 1132 1005 669 612 562 629 649 503 938 880 506
305 435 318 245 163 0 264 551 424 445 517 460 316 311 545 568 702 795 977 756 1041 1079 979 960 1092 724 989 758 620 1100 961 672 615 564 632 620 506 941 850 579
191 385 389 261 257 253 0 356 250 232 316 580 431 148 436 368 501 581 763 542 828 866 765 746 898 597 863 632 532 902 812 432 375 351 392 419 273 711 650 698
533 670 716 587 581 539 352 0 535 401 584 801 513 340 316 573 706 700 750 661 847 963 884 833 1016 357 669 438 532 682 592 426 378 369 367 280 206 531 430 920
138 180 310 230 344 413 217 433 0 249 125 689 574 355 616 269 374 542 732 511 797 826 726 706 822 776 1031 811 739 933 805 527 454 399 487 527 376 682 762 807
301 338 491 403 437 434 206 298 235 0 209 760 586 294 482 171 305 368 550 329 615 653 552 533 685 642 863 676 605 765 637 332 216 161 311 368 242 515 594 879
235 149 337 298 415 505 277 481 111 203 0 758 670 434 665 170 260 490 680 459 730 720 637 653 708 825 979 860 789 881 753 476 417 366 517 574 425 630 756 877
567 634 414 462 382 449 555 699 684 758 755 0 549 562 795 882 953 1110 1285 1040 1307 1300 1215 1233 1283 971 1232 975 853 1320 1187 987 930 880 947 870 773 1183 1050 118
483 622 495 431 358 305 406 410 569 583 667 532 0 330 477 734 860 936 1111 866 1175 1217 1114 1097 1244 675 879 621 353 966 891 707 656 647 667 582 484 895 761 668
296 490 467 338 333 300 143 237 350 292 430 545 324 0 334 465 591 644 819 574 884 926 823 806 952 509 771 513 416 858 725 462 405 393 422 409 277 722 589 680
600 751 723 642 584 533 432 213 611 479 662 778 472 319 0 653 778 781 922 711 1018 1063 960 943 1089 305 567 309 268 655 522 511 460 451 471 385 288 698 522 914
372 319 480 463 560 557 329 470 256 166 166 883 735 466 654 0 133 364 547 302 612 645 543 526 627 814 852 848 777 754 626 349 364 313 444 511 413 503 629 1002
484 385 474 497 572 685 463 603 360 299 256 895 869 600 787 132 0 307 574 369 552 550 459 469 533 947 919 982 911 822 694 416 434 440 511 579 547 571 696 1014
690 641 682 703 781 840 626 744 584 413 532 1099 980 689 825 405 352 0 288 178 249 256 156 136 306 985 913 1020 1000 816 688 420 424 418 515 584 555 464 690 1218
824 799 863 885 961 965 737 725 708 545 666 1284 1117 826 929 543 565 286 0 287 124 222 265 184 317 970 891 1081 1137 793 665 418 499 554 513 580 648 302 646 1403
603 578 681 695 748 744 516 557 487 324 445 1071 896 605 741 322 398 163 280 0 329 410 310 244 460 891 829 935 916 731 604 297 331 333 392 459 467 324 567 1189
882 739 792 814 889 1002 802 823 763 610 658 1212 1182 890 1024 571 493 247 115 314 0 115 167 141 210 1068 988 1179 1201 890 762 514 594 619 609 676 743 428 744 1331
873 731 783 806 881 994 840 881 754 648 650 1204 1200 928 1065 562 485 255 213 396 111 0 132 190 110 1183 1104 1259 1240 1006 878 629 660 657 724 792 791 521 860 1323
788 646 698 720 795 908 739 780 669 547 565 1119 1114 828 964 477 400 154 256 295 160 129 0 109 166 1124 1053 1159 1139 955 827 549 560 556 644 711 690 535 811 1237
802 659 712 734 809 922 720 761 683 528 579 1132 1100 809 945 491 413 135 175 229 135 187 103 0 252 1054 974 1139 1120 877 749 473 530 537 568 635 671 455 730 1251
862 719 771 794 869 982 848 913 743 667 638 1192 1188 961 1097 550 473 305 308 446 207 106 161 250 0 1257 1180 1291 1272 1082 954 682 693 689 777 844 823 617 935 1311
774 911 903 822 763 712 593 334 771 639 822 974 679 513 309 813 938 941 964 860 1061 1180 1120 1051 1249 0 337 188 372 417 280 670 620 611 631 545 448 736 280 1093
1039 1077 1168 1087 1028 978 858 639 985 840 944 1240 886 778 575 819 910 866 950 797 1045 1148 1045 1008 1174 333 0 261 579 151 357 653 709 797 633 610 702 707 522 1358
808 946 937 856 798 747 627 408 806 673 857 1009 655 548 344 847 973 976 1084 906 1182 1257 1154 1137 1284 185 254 0 349 341 401 705 654 645 665 579 482 856 401 1127
682 874 799 724 662 609 528 430 733 603 786 836 348 401 246 776 902 955 1130 886 1195 1237 1134 1117 1263 369 572 314 0 659 585 726 675 666 687 601 504 915 585 972
983 960 1063 1076 1088 1052 858 620 869 723 827 1314 997 853 686 703 793 749 833 681 929 1031 928 892 1058 448 182 373 691 0 265 536 592 680 516 493 586 606 520 1432
901 876 979 993 1000 949 809 571 785 640 743 1211 916 750 546 619 710 666 750 597 845 947 844 808 974 305 366 425 609 237 0 452 508 605 467 444 536 489 342 1330
554 588 693 655 679 682 442 436 510 342 458 997 717 472 520 331 430 376 428 307 524 639 559 483 693 680 706 715 736 608 483 0 121 217 127 206 243 302 371 1115
491 551 691 592 615 618 378 382 457 220 420 933 659 408 463 349 448 380 502 334 597 664 564 533 697 623 718 657 678 620 492 111 0 95 162 232 191 369 424 1052
428 497 628 529 566 569 355 370 402 165 367 884 647 394 451 313 440 373 554 334 619 657 557 537 690 611 810 646 667 712 584 207 92 0 209 277 181 461 482 1003
514 632 714 615 638 641 401 377 496 321 526 956 676 432 480 425 524 471 523 401 618 734 653 577 787 640 662 675 696 565 475 117 159 209 0 136 200 363 327 1075
554 672 753 654 658 628 428 289 536 379 585 879 590 418 394 494 593 540 592 470 687 803 722 646 857 554 634 588 610 536 446 196 228 277 127 0 155 383 284 997
398 516 598 499 507 510 277 209 380 245 429 776 488 281 292 417 551 511 651 472 747 796 695 676 828 452 717 486 508 633 543 233 188 181 190 146 0 479 381 895
779 755 857 871 936 932 704 507 663 512 622 1200 911 739 714 497 588 433 296 293 421 518 530 452 613 752 724 872 931 595 483 292 372 469 353 379 471 0 428 1318
776 857 960 878 874 839 645 407 756 591 724 1101 812 640 616 600 691 647 640 537 737 856 806 728 931 395 622 516 700 493 317 361 421 482 318 280 373 412 0 1219
685 752 532 581 501 567 673 817 802 876 874 60 663 665 891 1001 1072 1229 1404 1159 1426 1419 1334 1352 1401 1089 1351 1093 922 1438 1305 1105 1049 998 1066 989 891 1302 1169 0