137 7
550 6050 9935 7590 8450 1970 2305 1195 2250 790 470 2190 510 1095 240 215 2155 2170 5380 2480 1205 1950 455 1105 1900 1160 1250 1100 745 3855 9310 9490 7665 5610 2945 6535 5610 3210 3935 4130 2705 765 760 9680 5925 3980 5130 1030 2515 5515 11390 2510 12620 2015 1905 1510 2115 4845 2015 6290 1180 265 7450 1250 1725 2095 1020 6100 6630 6480 4270 6925 7060 4800 8850 4505 11180 1490 515 985 1870 1300 2495 2160 9990 1585 4035 1210 5140 10075 8915 12115 3125 5545 6650 7215 4190 2465 3140 3700 8730 3700 4330 3485 4295 965 690 3960 3440 4205 855 670 325 6530 2680 1745 4280 1775 9560 4995 1715 1350 1615 840 625 855 8235 1545 3385 3805 3050 315 880 9095 2455 2765 2040
0 967 784 850 928 976 1003 877 646 737 571 394 457 704 711 1008 1633 1754 1580 1352 1501 1096 1103 1237 1063 900 1116 1219 1212 1181 1201 1181 1083 1293 1138 1116 1037 1145 1052 1039 1064 989 894 1187 1267 1341 1167 1376 1480 1369 1596 1804 773 915 590 556 206 935 1077 731 448 486 731 645 728 801 1026 885 960 896 1077 1765 1950 1611 1674 1880 2036 1897 2118 1997 2022 2184 2097 2118 1559 1354 1229 1761 2179 1807 2084 2040 2079 2077 2197 2121 2496 2551 2321 2170 1975 2309 2516 2221 1548 1481 1416 1590 1211 1243 1119 1522 1520 1242 1644 1859 1799 1813 2367 2481 2671 2597 2409 2527 2315 2264 2468 2562 2744 2065 2187 2077 2087 1866 2017 1940 1683
937 0 1526 1580 1677 1718 1700 1575 1354 1423 1313 1088 1222 1446 1404 1683 2308 2430 2219 1991 1860 1787 1750 1771 1598 1414 1616 1714 1621 1235 1255 1235 1137 1347 1192 1170 1091 1199 1097 1093 1116 1043 948 1241 1321 1395 1221 1430 1543 1423 1650 1632 1290 1359 1115 1151 922 1106 1425 882 813 646 415 519 404 344 493 718 874 911 867 867 1053 713 776 983 1138 983 1200 1126 1132 1311 1221 1325 662 457 277 865 1281 1049 1326 1282 1321 1319 1439 1230 1738 1792 1533 1397 1403 1550 1758 1463 799 915 823 796 672 468 335 638 649 404 811 995 978 1022 1503 1617 1807 1733 1536 1658 1451 1400 1603 1698 1880 2741 2862 2753 2763 2542 2692 2616 2359
767 1516 0 227 222 225 427 422 259 435 248 437 405 276 365 346 979 1100 944 773 922 513 476 722 549 579 781 877 922 1097 1089 1102 1005 1201 1048 1030 952 1048 956 956 957 999 879 1088 1160 1240 1091 1247 1071 1274 1502 1710 444 609 746 545 624 785 853 993 850 935 1193 1108 1198 1264 1489 1348 1212 1210 1429 2227 2413 2074 2136 2343 2498 2343 2560 2454 2345 2524 2432 2469 1975 1718 1709 2191 2642 2128 2084 2182 2136 2191 2463 2446 2680 2616 2590 2515 1878 2416 2576 2435 1900 1812 1759 1940 1667 1702 1570 1974 1976 1688 2102 2270 2122 2156 2719 2833 3023 2864 2752 2874 2667 2616 2820 2914 3096 1401 1538 1418 1425 1224 1374 1298 1041
833 1518 210 0 144 320 256 248 269 412 318 511 416 471 536 273 898 1019 844 616 765 356 319 565 393 423 624 721 766 941 933 947 849 1045 893 874 796 893 801 800 801 844 723 932 1005 1084 935 1091 914 1118 1347 1555 288 454 591 482 690 629 697 838 818 999 1173 1087 1178 1243 1467 1326 1056 1054 1273 2207 2392 2053 2116 2323 2478 2323 2489 2303 2189 2368 2276 2314 1955 1697 1689 2132 2621 1972 1929 2026 1981 2036 2308 2290 2525 2461 2434 2359 1723 2261 2421 2280 1744 1657 1603 1784 1606 1680 1549 1954 1956 1668 1969 2115 1966 2001 2563 2677 2867 2709 2597 2719 2512 2460 2664 2759 2940 1308 1445 1326 1333 1131 1282 1206 948
911 1619 206 140 0 192 258 329 346 494 395 589 495 416 448 208 840 962 806 711 860 451 321 660 487 525 719 816 868 1042 1034 1048 950 1146 994 975 897 994 902 901 903 945 825 1033 1106 1185 1037 1193 1009 1219 1448 1656 389 555 692 583 768 730 798 939 920 1077 1274 1189 1279 1344 1568 1427 1158 1156 1374 2308 2494 2154 2217 2424 2579 2424 2590 2404 2290 2469 2377 2415 2056 1798 1790 2233 2722 2073 2030 2127 2082 2137 2409 2391 2626 2562 2535 2460 1824 2362 2522 2381 1845 1758 1704 1885 1708 1781 1650 2055 2057 1769 2070 2216 2067 2102 2665 2778 2968 2810 2698 2820 2613 2561 2765 2860 3042 1286 1423 1304 1311 1109 1260 1184 927
959 1707 208 316 189 0 429 505 445 622 439 629 594 382 414 228 781 902 746 836 992 562 482 792 620 630 836 942 973 1148 1140 1153 1056 1252 1099 1081 1003 1099 1008 1007 1008 1050 930 1139 1212 1291 1142 1298 1142 1325 1553 1761 495 660 797 689 815 836 904 1044 1025 1126 1379 1294 1384 1450 1674 1533 1263 1261 1480 2413 2599 2260 2322 2529 2684 2529 2696 2510 2396 2575 2483 2520 2161 1904 1895 2338 2828 2179 2135 2233 2187 2243 2514 2497 2731 2667 2641 2566 1929 2468 2628 2486 1951 1863 1810 1991 1813 1887 1756 2160 2162 1874 2175 2321 2173 2207 2770 2884 3074 2915 2803 2925 2718 2667 2871 2965 3147 1315 1452 1332 1339 1138 1288 1212 930
986 1667 410 252 252 424 0 275 425 440 473 667 545 626 687 309 813 935 758 530 679 270 80 487 345 483 576 673 731 1090 1082 1096 998 1194 1042 1023 945 1042 950 949 950 993 872 1081 1154 1233 1084 1063 829 1267 1496 1704 437 603 740 589 789 778 846 987 967 1096 1322 1236 1326 1392 1616 1475 1205 1203 1422 2356 2541 2202 2265 2471 2627 2471 2638 2452 2338 2517 2425 2463 2104 1846 1838 2280 2770 2121 2077 2175 2130 2185 2457 2439 2674 2610 2583 2508 1871 2410 2570 2429 1893 1806 1752 1933 1755 1829 1698 2103 2105 1817 2118 2264 2115 2150 2712 2826 3016 2858 2746 2868 2661 2609 2813 2907 3089 1393 1530 1391 1417 1204 1348 1270 962
859 1564 405 244 324 500 239 0 325 209 478 643 419 631 730 409 967 1027 749 521 670 262 298 426 253 316 485 581 639 1004 996 1010 912 1108 956 937 859 956 864 863 864 907 786 995 1068 1147 998 1055 820 1181 1410 1618 347 489 654 421 653 692 745 884 834 960 1219 1133 1224 1289 1514 1373 1119 1117 1336 2253 2438 2099 2162 2369 2524 2369 2552 2366 2252 2431 2339 2377 2001 1743 1735 2194 2667 2035 1991 2089 2044 2099 2371 2353 2587 2524 2497 2422 1785 2324 2484 2342 1807 1720 1666 1847 1669 1727 1595 2000 2002 1714 2032 2178 2029 2064 2626 2740 2930 2772 2660 2782 2575 2523 2727 2821 3003 1445 1582 1463 1469 1268 1418 1342 1085
629 1343 242 265 341 440 388 309 0 268 240 393 188 438 590 426 1051 1173 999 771 920 511 474 698 526 504 708 815 862 1095 1087 1100 1003 1199 1046 1028 950 1046 954 954 955 997 877 1086 1158 1238 1089 1245 1069 1272 1500 1708 442 607 601 300 432 783 851 819 654 739 997 912 1002 1068 1293 1152 1199 1118 1335 2032 2217 1878 1940 2147 2302 2147 2364 2258 2260 2439 2347 2384 1779 1522 1513 1995 2446 2069 2082 2180 2134 2189 2453 2361 2678 2614 2583 2430 1876 2414 2574 2433 1766 1738 1674 1855 1471 1506 1374 1778 1780 1492 1906 2125 2037 2071 2634 2748 2938 2862 2667 2789 2582 2531 2735 2829 3011 1462 1599 1480 1486 1285 1435 1359 1102
720 1413 419 408 488 617 403 193 230 0 449 552 362 630 767 574 1112 1171 894 666 815 407 445 504 331 235 441 547 593 846 839 852 755 951 798 780 701 798 706 706 707 749 629 838 910 990 841 997 827 1024 1252 1460 189 346 472 238 503 534 602 700 651 809 1067 982 1072 1137 1362 1222 962 960 1179 2101 2287 1947 2010 2217 2372 2217 2395 2209 2095 2274 2182 2219 1849 1592 1583 2037 2515 1877 1834 1932 1886 1941 2213 2196 2430 2366 2340 2265 1628 2166 2326 2185 1650 1562 1508 1690 1512 1575 1443 1848 1850 1562 1874 2020 1872 1906 2469 2583 2773 2614 2502 2624 2417 2366 2569 2664 2846 1609 1746 1627 1634 1432 1583 1506 1249
554 1303 231 314 389 434 437 462 209 444 0 225 194 298 416 475 1100 1222 1048 820 969 560 523 769 596 626 828 924 969 1144 1136 1149 1052 1248 1095 1077 999 1095 1003 1003 1004 1046 926 1135 1207 1287 1138 1294 1118 1321 1549 1757 491 656 719 427 411 832 899 889 637 722 980 895 985 1051 1276 1135 1182 1140 1318 2015 2200 1861 1923 2130 2285 2130 2347 2241 2243 2422 2330 2367 1762 1505 1497 1978 2429 2052 2131 2229 2183 2238 2436 2344 2727 2663 2566 2413 1925 2463 2623 2467 1749 1721 1657 1838 1454 1489 1357 1761 1763 1475 1889 2108 2020 2054 2617 2731 2921 2847 2650 2772 2565 2514 2718 2812 2994 1511 1648 1529 1535 1334 1484 1408 1151
364 1077 421 507 583 624 630 627 356 545 224 0 255 357 330 669 1294 1415 1241 1013 1162 754 716 962 790 774 980 1085 1125 1295 1299 1295 1198 1399 1241 1228 1150 1259 1167 1155 1168 1054 963 1298 1371 1450 1284 1476 1312 1484 1713 1921 672 812 655 481 279 967 1082 808 505 590 848 763 853 918 1143 1003 1050 1008 1186 1882 2068 1728 1791 1998 2153 1998 2215 2108 2110 2289 2197 2235 1630 1373 1343 1846 2296 1920 2195 2153 2185 2193 2304 2211 2598 2657 2434 2280 2089 2424 2617 2335 1617 1589 1524 1705 1322 1356 1224 1629 1631 1343 1757 1975 1887 1922 2485 2598 2788 2715 2518 2640 2433 2381 2585 2680 2862 1704 1841 1722 1729 1527 1678 1602 1345
439 1211 388 412 489 589 509 403 151 357 158 228 0 467 549 574 1199 1320 1146 918 1067 659 622 792 620 592 799 904 943 1148 1140 1154 1056 1252 1100 1081 1003 1100 1008 1007 1009 1021 895 1139 1212 1291 1143 1295 1184 1325 1554 1762 491 630 567 300 296 836 900 737 522 607 866 780 870 936 1161 1020 1067 1025 1203 1900 2085 1746 1809 2015 2170 2015 2233 2126 2128 2307 2215 2252 1648 1390 1382 1863 2314 1937 2136 2171 2188 2211 2321 2229 2615 2668 2451 2298 1930 2442 2628 2352 1635 1606 1542 1723 1339 1374 1242 1646 1649 1361 1774 1993 1905 1940 2502 2616 2806 2732 2535 2658 2450 2399 2603 2697 2879 1609 1746 1627 1634 1432 1583 1507 1250
687 1435 272 467 411 378 590 615 407 625 297 330 439 0 265 539 1154 1275 1119 973 1122 713 676 922 749 779 981 1077 1122 1297 1289 1302 1205 1401 1248 1230 1152 1248 1156 1156 1157 1199 1079 1288 1360 1440 1291 1447 1271 1474 1702 1910 644 809 920 682 544 985 1052 1073 770 855 1113 1028 1118 1183 1409 1268 1315 1273 1451 2147 2333 1993 2056 2263 2418 2263 2480 2374 2376 2555 2463 2500 1895 1638 1629 2111 2562 2185 2284 2382 2336 2391 2569 2477 2863 2816 2699 2546 2078 2616 2776 2600 1882 1854 1789 1971 1587 1622 1490 1894 1896 1608 2022 2241 2152 2187 2750 2864 3054 2980 2783 2905 2698 2647 2850 2945 3127 1594 1731 1612 1618 1417 1567 1491 1234
681 1393 348 532 443 409 650 723 559 762 415 321 542 218 0 571 1109 1242 1086 1105 1254 845 750 1054 881 911 1112 1209 1254 1428 1420 1434 1336 1532 1380 1361 1283 1380 1288 1287 1289 1331 1211 1419 1492 1571 1423 1579 1403 1605 1834 2042 775 941 949 776 573 1116 1184 1103 799 884 1142 1057 1147 1213 1438 1297 1344 1302 1480 2177 2362 2023 2085 2292 2447 2292 2509 2403 2405 2584 2492 2529 1924 1667 1659 2140 2591 2214 2416 2447 2468 2488 2598 2506 2892 2948 2728 2575 2210 2719 2908 2629 1911 1883 1819 2000 1616 1651 1519 1923 1925 1637 2051 2270 2182 2216 2779 2893 3083 3009 2812 2934 2727 2676 2880 2974 3156 1491 1628 1503 1515 1308 1459 1383 1131
994 1650 329 272 202 223 272 411 399 578 478 645 549 519 558 0 639 760 604 662 811 335 255 619 491 555 722 819 877 1073 1065 1078 981 1177 1025 1006 928 1025 933 932 933 976 855 1064 1137 1216 1067 1195 960 1250 1478 1686 420 585 722 614 850 761 829 969 950 1160 1304 1219 1309 1375 1599 1458 1188 1186 1405 2339 2524 2185 2247 2454 2609 2454 2621 2435 2321 2500 2408 2445 2086 1829 1820 2263 2753 2104 2060 2158 2113 2168 2439 2422 2656 2592 2566 2491 1854 2393 2553 2411 1876 1788 1735 1916 1738 1812 1681 2085 2087 1799 2100 2246 2098 2132 2695 2809 2999 2840 2728 2851 2643 2592 2796 2890 3072 1222 1359 1216 1246 1029 1173 1096 788
1666 2315 1000 931 862 803 835 989 1084 1134 1133 1327 1232 1176 1131 661 0 269 425 577 945 801 798 864 866 1051 1084 1096 1230 1731 1738 1737 1638 1843 1693 1666 1587 1683 1589 1589 1601 1649 1545 1725 1805 1878 1388 1294 1059 1907 2133 2341 1090 1254 1387 1277 1550 1458 1453 1634 1625 1828 1980 1878 1993 2104 2272 2122 1846 1846 2066 2993 3179 2839 2902 3109 3264 3125 3296 3102 3005 3166 3079 3101 2788 2583 2482 2950 3408 2763 2722 2817 2779 2824 3105 3104 3327 3258 3226 3153 2513 3049 3224 3073 2579 2453 2399 2573 2411 2471 2348 2751 2748 2470 2760 2902 2782 2796 3350 3480 3671 3512 3392 3510 3312 3252 3526 3554 3737 1074 948 747 859 544 688 619 305
1776 2426 1111 1041 973 913 945 1037 1195 1182 1243 1437 1342 1286 1252 771 241 0 335 609 993 849 908 913 915 1100 1133 1144 1279 1821 1849 1817 1719 1940 1793 1776 1697 1793 1699 1699 1711 1759 1655 1835 1915 1988 1437 1343 1108 2017 2243 2451 1200 1303 1497 1387 1661 1569 1501 1744 1735 1938 2090 1988 2103 2214 2382 2233 1956 1957 2177 3104 3289 2950 3012 3219 3374 3235 3406 3212 3115 3277 3190 3211 2898 2693 2593 3061 3518 2873 2832 2927 2889 2934 3215 3214 3437 3369 3336 3263 2623 3159 3334 3183 2689 2563 2509 2683 2521 2581 2458 2861 2858 2580 2870 3013 2892 2906 3460 3590 3781 3623 3502 3620 3422 3362 3636 3664 3847 1311 1185 984 1096 597 727 855 448
1604 2209 968 868 829 770 782 773 1023 918 1071 1265 1170 1143 1109 628 403 324 0 332 729 585 700 648 650 835 869 880 1015 1556 1632 1553 1454 1676 1528 1559 1480 1576 1482 1482 1494 1542 1438 1618 1698 1771 1173 1078 844 1800 2026 2234 979 1039 1280 1127 1481 1352 1237 1528 1514 1703 1873 1771 1886 1997 2165 2016 1740 1740 1960 2887 3072 2733 2795 3002 3157 3018 3189 2995 2898 3060 2973 2994 2681 2476 2376 2844 3301 2656 2615 2710 2672 2717 2998 2997 3220 3152 3119 3046 2406 2942 3117 2966 2472 2346 2292 2466 2304 2364 2241 2644 2641 2363 2653 2796 2675 2689 3243 3373 3564 3406 3285 3403 3205 3145 3419 3447 3630 1341 1215 1015 1126 812 958 886 572
1367 1972 788 631 726 852 545 537 786 681 835 1029 934 988 1120 677 555 598 309 0 492 348 463 412 414 599 632 644 778 1320 1395 1317 1218 1439 1292 1323 1244 1340 1246 1245 1258 1306 1202 1382 1462 1535 936 842 607 1563 1790 1998 742 802 1043 891 1244 1115 1001 1291 1277 1467 1636 1535 1650 1761 1929 1779 1503 1503 1723 2650 2836 2496 2559 2766 2921 2782 2953 2759 2662 2823 2736 2758 2445 2240 2139 2607 3064 2420 2379 2474 2436 2480 2762 2760 2983 2915 2882 2809 2169 2706 2881 2729 2236 2110 2056 2230 2068 2128 2004 2407 2405 2127 2417 2559 2439 2452 3007 3137 3328 3169 3049 3167 2969 2909 3183 3210 3394 1492 1366 1165 1276 962 1108 1036 722
1536 1877 957 800 895 1022 714 705 955 850 1004 1197 1102 1157 1288 845 923 982 705 477 0 517 632 580 582 767 680 630 576 1059 1216 1056 957 1178 1031 1230 1165 1261 1167 1167 1179 1227 1123 1298 1383 1451 675 581 346 1484 1711 1919 911 857 1212 1059 1413 997 785 1330 1446 1573 1541 1439 1554 1665 1833 1684 1424 1424 1644 2555 2740 2401 2463 2670 2825 2686 2874 2680 2583 2744 2657 2679 2349 2144 2044 2528 2969 2341 2300 2395 2357 2402 2683 2682 2904 2836 2803 2731 2090 2627 2802 2651 2157 2031 1977 2151 1989 2032 1909 2312 2309 2031 2338 2480 2360 2373 2928 3058 3249 3090 2970 3088 2890 2830 3104 3132 3315 1859 1733 1532 1644 1330 1475 1404 1090
1079 1766 516 360 454 567 274 265 514 410 563 757 662 716 848 340 779 839 561 333 482 0 137 300 213 398 446 517 592 1181 1189 1187 1088 1293 1144 1116 1037 1133 1040 1039 1051 1099 996 1175 1255 1329 961 867 632 1357 1584 1792 521 587 828 611 899 866 794 1084 1045 1195 1410 1324 1414 1480 1704 1563 1293 1291 1510 2444 2629 2290 2353 2559 2714 2559 2726 2540 2426 2605 2513 2550 2238 2033 1933 2368 2858 2213 2173 2267 2230 2274 2555 2527 2777 2709 2676 2596 1963 2499 2674 2523 1981 1894 1840 2021 1843 1917 1786 2201 2199 1905 2206 2352 2203 2238 2800 2914 3104 2946 2834 2956 2749 2697 2901 2995 3177 1543 1589 1388 1500 1184 1329 1251 943
1085 1774 523 366 400 525 158 310 521 455 570 764 669 723 829 298 776 898 676 448 597 134 0 415 285 469 517 605 663 1190 1197 1196 1097 1302 1152 1125 1046 1142 1048 1048 1060 1108 1004 1184 1264 1337 1076 981 747 1366 1592 1800 534 658 836 656 936 875 865 1093 1084 1240 1418 1333 1423 1489 1712 1572 1302 1300 1519 2452 2638 2299 2361 2568 2723 2568 2735 2549 2435 2614 2522 2559 2247 2042 1941 2377 2867 2222 2181 2276 2238 2283 2564 2536 2786 2717 2685 2605 1972 2508 2683 2532 1990 1902 1849 2030 1852 1926 1795 2210 2207 1913 2214 2360 2212 2246 2809 2923 3113 2954 2842 2964 2757 2706 2910 3004 3186 1510 1571 1370 1482 1166 1311 1233 925
1220 1747 731 574 669 797 497 435 708 513 778 972 802 931 1063 628 842 902 625 397 546 297 405 0 173 373 293 236 372 1162 1170 1168 1069 1274 1125 1097 1018 1114 1021 1020 1032 1080 976 1156 1236 1310 915 820 593 1338 1565 1773 502 501 808 696 1003 847 611 1066 1052 1263 1390 1305 1395 1461 1685 1544 1274 1272 1491 2425 2610 2271 2334 2540 2695 2540 2707 2521 2407 2586 2494 2531 2219 2014 1914 2349 2839 2194 2154 2248 2210 2255 2536 2508 2758 2690 2657 2577 1944 2480 2655 2504 1962 1875 1821 2002 1824 1898 1767 2182 2180 1885 2186 2333 2184 2219 2781 2895 3085 2927 2815 2937 2730 2678 2882 2976 3158 1758 1653 1452 1563 1248 1392 1315 1006
1046 1573 557 400 495 623 353 261 534 339 604 798 627 757 889 499 844 904 627 399 548 209 275 164 0 199 248 336 393 988 996 994 895 1100 951 923 844 940 846 846 858 906 802 982 1062 1135 936 842 627 1164 1390 1598 327 388 634 521 829 673 595 891 878 1089 1216 1131 1221 1287 1511 1370 1100 1098 1317 2251 2436 2097 2159 2366 2521 2366 2533 2347 2233 2412 2320 2357 2045 1840 1740 2175 2665 2020 1979 2074 2036 2081 2362 2334 2584 2516 2483 2403 1770 2306 2481 2330 1788 1700 1647 1828 1650 1724 1593 2008 2005 1711 2012 2158 2010 2044 2607 2721 2911 2752 2640 2763 2555 2504 2708 2802 2984 1584 1655 1454 1565 1250 1394 1317 1008
888 1388 594 438 539 637 490 324 511 242 641 781 599 794 926 541 1029 1089 812 584 733 394 459 364 191 0 230 319 365 803 811 809 710 915 766 738 660 755 662 661 673 721 618 797 877 951 794 789 599 979 1206 1414 143 188 450 337 658 488 421 707 693 905 1032 946 1036 1102 1326 1185 915 913 1132 2066 2251 1912 1975 2181 2337 2181 2348 2162 2048 2227 2135 2173 1860 1655 1555 1990 2480 1835 1795 1889 1852 1896 2177 2149 2399 2331 2298 2218 1585 2121 2296 2145 1603 1516 1462 1643 1465 1539 1408 1823 1821 1527 1828 1974 1825 1860 2422 2536 2726 2568 2456 2578 2371 2319 2523 2617 2799 1599 1720 1611 1621 1400 1550 1474 1193
1103 1603 789 633 727 853 585 493 716 457 836 996 810 989 1121 731 1062 1122 845 617 668 443 507 284 240 223 0 141 187 1018 1026 1024 926 1131 981 954 875 971 877 876 889 937 833 1012 1093 1166 730 636 421 1194 1421 1629 358 239 661 552 874 641 424 912 908 1120 1247 1162 1252 1317 1541 1400 1131 1116 1348 2281 2467 2127 2190 2397 2552 2397 2564 2377 2263 2442 2350 2388 2076 1870 1770 2206 2695 2050 2010 2105 2067 2111 2393 2365 2614 2546 2513 2434 1800 2337 2512 2360 1818 1731 1677 1858 1681 1754 1623 2038 2036 1742 2043 2189 2040 2075 2638 2751 2941 2783 2671 2793 2586 2535 2738 2833 3015 1814 1873 1672 1784 1468 1612 1535 1227
1207 1700 892 735 830 956 687 596 830 561 939 1100 918 1092 1223 833 1074 1134 856 628 618 532 620 250 350 333 155 0 179 1082 1123 1079 980 1201 1054 1051 972 1068 974 973 986 1034 930 1110 1190 1263 698 604 371 1291 1518 1726 477 343 767 663 1050 686 411 1008 1012 1223 1344 1259 1349 1414 1638 1497 1231 1218 1451 2378 2564 2224 2287 2494 2649 2510 2681 2487 2390 2551 2464 2486 2173 1967 1867 2335 2792 2147 2107 2202 2164 2208 2490 2488 2711 2643 2610 2537 1897 2434 2609 2457 1964 1838 1784 1958 1796 1856 1732 2135 2133 1855 2145 2287 2167 2180 2735 2848 3038 2880 2777 2895 2683 2632 2835 2930 3112 1917 1884 1683 1795 1480 1624 1546 1238
1200 1605 948 791 886 993 744 652 875 606 995 1134 952 1148 1280 890 1208 1268 991 763 565 605 676 385 407 378 200 165 0 912 1028 909 810 1031 884 947 868 973 879 879 891 939 835 1015 1095 1168 528 434 318 1197 1423 1631 502 317 693 663 1050 512 233 895 945 1156 1249 1164 1254 1320 1543 1403 1136 1104 1356 2283 2469 2129 2192 2399 2554 2415 2586 2392 2295 2456 2369 2391 2078 1873 1772 2240 2698 2053 2012 2107 2069 2114 2395 2394 2617 2548 2516 2443 1803 2339 2514 2363 1869 1743 1689 1863 1701 1761 1638 2041 2038 1760 2050 2192 2072 2086 2640 2754 2944 2785 2682 2800 2588 2537 2741 2835 3017 1954 2019 1818 1930 1614 1758 1681 1373
1175 1242 1097 941 1042 1140 1061 986 1095 839 1144 1304 1141 1297 1428 1044 1669 1791 1533 1305 1047 1148 1111 1132 959 775 977 1041 903 0 241 112 182 268 290 255 216 293 380 299 375 471 368 322 421 476 408 618 730 522 749 957 650 720 791 844 1022 513 817 674 853 936 896 811 901 967 1070 924 637 664 854 1930 2116 1777 1839 2028 2201 1927 2070 1884 1769 1949 1856 1894 1678 1421 1412 1712 2345 1374 1331 1428 1383 1438 1710 1871 1927 1863 1836 1792 1125 1663 1823 1682 1325 1237 1183 1365 1187 1283 1273 1677 1661 1391 1549 1695 1546 1581 2124 2198 2299 2111 2177 2299 2031 1980 2244 2339 2521 2080 2217 2097 2104 1903 2053 1977 1720
1209 1247 1131 975 1077 1174 1096 1021 1129 874 1178 1339 1176 1331 1463 1079 1703 1825 1614 1386 1204 1182 1145 1166 994 809 1011 1109 1037 237 0 257 323 238 437 279 251 267 263 334 253 350 402 201 299 354 565 775 888 400 627 835 685 755 826 879 1057 548 863 709 887 970 809 740 936 952 948 802 515 543 732 1915 2101 1761 1824 1906 2186 1805 1948 1762 1648 1827 1735 1772 1663 1406 1397 1590 2330 1252 1209 1307 1261 1316 1588 1749 1805 1741 1715 1670 1003 1541 1701 1560 1203 1115 1062 1243 1065 1161 1222 1657 1539 1376 1427 1573 1425 1459 2002 2076 2177 1989 2055 2177 1910 1858 2123 2217 2399 2114 2251 2132 2138 1937 2087 2011 1754
1186 1253 1124 968 1069 1167 1088 1013 1122 867 1171 1316 1168 1324 1455 1071 1696 1807 1530 1301 1044 1175 1138 1159 986 802 1004 1038 900 108 254 0 216 167 259 283 255 319 403 338 393 489 407 340 438 493 405 614 727 540 767 975 677 747 818 872 1033 525 818 709 864 947 907 822 912 978 1088 941 654 682 871 1942 2127 1788 1851 2046 2212 1945 2087 1901 1787 1966 1874 1912 1690 1432 1424 1729 2356 1392 1348 1446 1401 1456 1728 1888 1944 1881 1854 1810 1142 1681 1841 1699 1342 1255 1201 1382 1204 1301 1284 1688 1678 1402 1567 1713 1564 1599 2141 2216 2316 2129 2195 2317 2049 1998 2262 2356 2538 2107 2244 2124 2131 1930 2080 2004 1747
1087 1155 1025 870 971 1068 990 915 1023 768 1072 1217 1070 1225 1357 973 1598 1708 1431 1203 945 1076 1039 1060 888 703 905 939 801 179 320 213 0 339 259 337 298 375 456 381 457 515 412 404 503 558 306 516 629 604 831 1039 579 649 720 773 935 427 698 610 765 849 809 724 814 879 1103 962 709 707 926 1843 2029 1689 1752 1959 2114 1959 2142 1956 1842 2021 1929 1967 1591 1334 1325 1784 2257 1456 1413 1510 1465 1520 1792 1943 2009 1945 1918 1874 1207 1745 1905 1764 1397 1310 1256 1437 1259 1316 1185 1590 1592 1304 1622 1768 1619 1654 2206 2280 2381 2193 2250 2372 2113 2062 2317 2411 2593 2008 2145 2026 2032 1831 1981 1905 1648
1287 1354 1209 1053 1154 1252 1174 1099 1207 952 1256 1417 1254 1409 1541 1156 1781 1903 1652 1424 1166 1260 1223 1244 1072 887 1089 1160 1022 265 235 163 336 0 372 357 329 392 437 411 427 523 480 362 351 465 527 737 850 465 692 900 763 832 904 957 1134 626 940 787 965 1048 983 913 1013 1079 1122 976 689 716 906 2043 2228 1889 1952 2080 2314 1979 2122 1936 1822 2001 1908 1902 1791 1533 1525 1764 2457 1317 1274 1371 1326 1381 1653 1923 1870 1806 1779 1735 1068 1606 1766 1625 1377 1289 1235 1417 1239 1335 1385 1790 1713 1504 1601 1747 1598 1569 2067 2141 2242 2054 2171 2248 1975 1923 2193 2287 2469 2192 2329 2210 2216 2015 2165 2089 1832
1011 1078 949 793 894 992 913 838 947 692 996 1141 993 1149 1280 896 1521 1643 1376 1148 890 1000 963 984 811 627 829 884 746 293 463 290 192 408 0 456 377 473 379 379 391 439 335 515 595 668 251 461 574 697 923 1131 502 572 643 697 858 350 664 534 689 772 733 647 737 803 1027 886 633 631 850 1767 1952 1613 1676 1882 2038 1882 2066 1880 1766 1945 1853 1890 1515 1257 1249 1708 2181 1549 1505 1603 1557 1613 1884 1867 2101 2037 2011 1936 1299 1838 1998 1856 1321 1233 1180 1361 1183 1240 1109 1513 1516 1228 1545 1691 1543 1577 2140 2254 2444 2285 2173 2295 2088 2037 2241 2335 2517 1932 2069 1950 1956 1755 1905 1829 1572
1110 1177 1032 876 977 1075 997 922 1030 775 1079 1240 1077 1232 1364 980 1604 1726 1515 1287 1188 1083 1046 1067 895 710 912 1010 938 252 276 280 334 345 449 0 118 95 170 211 191 321 303 310 385 463 549 758 871 487 714 922 586 655 727 780 957 449 764 610 788 871 801 732 836 902 940 781 487 535 704 1866 2051 1712 1775 1878 2137 1777 1920 1734 1620 1799 1707 1744 1614 1356 1348 1562 2280 1339 1295 1393 1348 1403 1675 1721 1891 1828 1801 1757 1089 1628 1788 1646 1175 1087 1034 1215 1037 1153 1208 1613 1511 1327 1399 1545 1397 1431 1994 2108 2263 2076 2027 2149 1942 1891 2095 2189 2371 2015 2152 2033 2039 1838 1988 1912 1655
1031 1098 953 797 899 996 918 843 951 696 1000 1161 998 1153 1285 901 1525 1647 1436 1208 1109 1004 967 988 816 631 833 932 859 213 248 252 296 317 421 113 0 192 163 121 225 273 225 324 419 478 470 679 792 520 747 955 507 577 648 701 879 370 685 531 709 792 753 667 758 823 898 752 467 493 684 1787 1972 1633 1696 1859 2058 1758 1900 1714 1600 1779 1687 1724 1535 1277 1269 1542 2201 1372 1329 1426 1381 1436 1708 1701 1925 1861 1834 1770 1123 1661 1821 1680 1155 1068 1014 1195 1017 1112 1129 1534 1491 1248 1379 1525 1377 1412 1974 2088 2278 2109 2008 2130 1922 1871 2075 2169 2351 1936 2073 1954 1960 1759 1909 1833 1576
1160 1188 1092 936 1037 1135 1056 981 1090 835 1139 1289 1136 1292 1423 1039 1664 1786 1575 1347 1248 1143 1106 1127 954 770 972 1070 1012 290 249 316 372 381 485 90 188 0 163 270 95 288 356 246 330 399 608 818 931 431 658 866 646 715 786 840 1007 508 824 659 838 921 750 681 886 893 889 685 391 484 607 1856 2042 1703 1765 1782 2127 1681 1823 1637 1523 1702 1610 1648 1604 1347 1338 1466 2243 1283 1240 1337 1292 1347 1619 1624 1836 1772 1745 1693 1034 1572 1732 1591 1078 991 937 1118 941 1102 1163 1552 1414 1317 1303 1449 1300 1335 1898 2011 2201 2020 1931 2053 1846 1794 1998 2093 2275 2075 2212 2093 2099 1898 2048 1972 1715
1066 1087 998 843 944 1042 963 888 996 741 1045 1196 1043 1198 1330 946 1571 1692 1481 1253 1154 1050 1012 1033 861 677 878 977 922 377 245 399 429 423 472 163 155 150 0 149 124 187 262 248 330 401 515 725 837 431 658 866 552 622 693 746 914 415 730 566 744 827 649 580 790 791 788 642 366 382 583 1755 1941 1601 1664 1758 2026 1657 1799 1613 1499 1678 1586 1623 1503 1246 1237 1441 2169 1283 1240 1337 1292 1347 1619 1600 1836 1772 1745 1669 1034 1572 1732 1591 1054 967 913 1094 916 1001 1062 1497 1390 1216 1278 1424 1276 1311 1873 1987 2177 2020 1907 2029 1821 1770 1974 2068 2250 1981 2118 1999 2006 1804 1955 1878 1621
1033 1100 954 799 900 998 919 844 952 697 1001 1162 999 1154 1286 902 1527 1648 1437 1209 1110 1006 969 990 817 633 835 933 870 296 315 335 379 400 429 204 113 256 142 0 197 245 229 320 401 474 471 681 794 502 729 937 508 578 649 702 880 371 686 532 711 794 731 661 759 825 870 724 439 464 656 1789 1974 1635 1697 1830 2059 1729 1872 1685 1571 1751 1658 1696 1537 1279 1271 1514 2203 1354 1311 1408 1363 1418 1690 1673 1907 1843 1816 1742 1105 1643 1803 1662 1127 1039 985 1166 989 1083 1131 1535 1463 1249 1351 1497 1348 1383 1946 2059 2249 2091 1979 2101 1894 1843 2046 2141 2323 1937 2074 1955 1962 1760 1911 1835 1578
1078 1105 1010 855 956 1054 975 900 1008 753 1057 1208 1055 1210 1342 958 1583 1704 1493 1265 1166 1061 1024 1045 873 689 890 989 934 372 235 389 441 413 484 186 217 91 123 190 0 211 274 232 316 385 527 736 849 417 644 852 564 634 705 758 925 427 742 578 756 839 667 598 804 810 806 599 304 401 521 1774 1959 1620 1682 1696 2044 1595 1737 1551 1437 1616 1524 1562 1522 1264 1256 1379 2157 1247 1226 1323 1278 1333 1605 1538 1822 1758 1731 1607 1020 1558 1718 1577 992 905 851 1032 854 1020 1080 1466 1328 1234 1217 1363 1214 1249 1811 1925 2115 2006 1845 1967 1760 1708 1912 2007 2188 1993 2130 2011 2017 1816 1967 1890 1633
983 1050 1058 902 1003 1101 1023 947 1056 801 1105 1113 1074 1258 1390 1005 1630 1752 1541 1313 1214 1109 1072 1093 921 736 938 1036 982 468 331 486 488 509 532 314 265 285 185 238 197 0 278 334 416 488 575 784 897 518 744 952 612 681 618 806 830 475 790 483 661 744 622 552 709 764 761 614 360 355 669 1728 1913 1574 1637 1823 1999 1722 1885 1699 1585 1764 1672 1710 1476 1218 1210 1507 2142 1370 1326 1424 1378 1434 1705 1686 1922 1858 1832 1755 1120 1659 1819 1677 1140 1053 999 1180 939 974 1035 1470 1363 1189 1365 1511 1362 1397 1959 2073 2263 2106 1993 2115 1908 1856 2060 2155 2336 2041 2178 2059 2065 1864 2014 1938 1681
854 921 937 781 883 980 902 827 935 680 984 984 944 1137 1269 885 1509 1631 1420 1192 1093 988 951 972 800 615 817 915 856 365 393 404 367 469 411 298 220 352 260 227 261 225 0 398 478 551 454 663 776 580 806 1014 491 560 461 685 701 354 669 352 532 615 576 490 580 646 870 729 516 431 733 1610 1795 1456 1519 1725 1881 1725 1943 1763 1649 1828 1736 1773 1358 1100 1092 1574 2024 1431 1388 1486 1440 1495 1767 1750 1984 1920 1894 1819 1182 1720 1880 1739 1204 1116 1063 1244 1048 1083 952 1356 1359 1071 1428 1574 1426 1460 2023 2137 2327 2168 2056 2178 1971 1920 2124 2218 2400 1920 2057 1938 1944 1743 1893 1817 1560
1202 1232 1134 978 1079 1177 1098 1023 1132 877 1181 1331 1178 1334 1465 1081 1706 1828 1617 1389 1286 1185 1148 1169 996 812 1014 1112 1057 319 182 337 402 348 506 303 320 242 246 313 227 316 363 0 207 152 647 857 970 302 528 736 687 757 828 882 1049 550 866 701 880 963 794 724 928 936 933 787 498 527 715 1900 2086 1746 1809 1890 2171 1788 1931 1745 1631 1810 1718 1739 1648 1391 1382 1573 2314 1154 1110 1208 1162 1218 1489 1732 1706 1642 1616 1572 904 1443 1603 1461 1186 1098 1045 1226 1048 1146 1207 1642 1522 1361 1410 1556 1408 1405 1903 1977 2078 1890 2008 2084 1811 1759 2029 2124 2306 2117 2254 2134 2141 1940 2090 2014 1757
1282 1314 1214 1058 1159 1257 1179 1104 1212 957 1261 1411 1259 1414 1546 1162 1786 1908 1697 1469 1370 1265 1228 1249 1077 892 1094 1192 1138 417 280 435 500 337 604 378 411 326 328 394 311 398 443 200 0 234 731 940 1053 234 461 669 768 837 909 962 1129 631 946 781 960 1043 876 806 1008 1018 1015 869 582 609 798 1982 2168 1828 1891 1885 2253 1784 1926 1752 1638 1817 1725 1671 1730 1472 1464 1568 2352 1086 1043 1141 1095 1150 1422 1700 1639 1575 1549 1504 837 1375 1535 1394 1269 1182 1128 1296 1132 1228 1289 1724 1605 1443 1442 1564 1415 1338 1836 1910 2011 1823 1940 2017 1744 1692 1962 2056 2238 2197 2334 2215 2221 2020 2170 2094 1837
1355 1385 1287 1132 1233 1331 1252 1177 1285 1030 1334 1485 1332 1487 1619 1235 1860 1981 1770 1542 1440 1338 1301 1322 1150 966 1167 1266 1211 473 335 490 555 451 659 456 473 396 400 467 381 469 516 149 221 0 800 1010 1123 245 471 679 841 911 982 1035 1203 704 1019 855 1033 1116 947 878 1082 1090 1086 940 652 681 868 2054 2239 1900 1962 1895 2324 1794 1936 1763 1649 1828 1736 1682 1802 1544 1536 1579 2362 1097 1053 1151 1105 1161 1432 1710 1649 1585 1559 1515 847 1386 1546 1404 1339 1252 1198 1306 1202 1299 1360 1751 1675 1514 1452 1574 1426 1348 1846 1920 2021 1833 1951 2027 1754 1703 1972 2067 2249 2270 2407 2288 2294 2093 2244 2167 1910
1221 1287 1147 991 1092 1190 1112 1036 1145 890 1194 1339 1191 1347 1479 1094 1450 1498 1234 997 736 1022 1137 976 997 833 791 760 590 469 626 466 367 588 441 641 575 671 578 577 589 637 533 708 793 862 0 304 430 895 1135 1331 716 796 851 903 1130 491 595 741 948 984 951 849 965 1075 1244 1094 835 835 1055 1965 2150 1811 1874 2081 2236 2097 2284 2090 1993 2155 2068 2089 1760 1554 1454 1939 2379 1751 1710 1805 1767 1812 2093 2092 2315 2247 2214 2141 1501 2037 2212 2061 1567 1441 1387 1561 1400 1442 1319 1722 1720 1442 1748 1891 1770 1784 2338 2468 2659 2501 2380 2499 2300 2240 2514 2542 2725 2152 2238 2037 2149 1835 1981 1909 1595
1379 1444 1263 1107 1209 1306 1072 1064 1261 1006 1310 1485 1304 1463 1595 1204 1303 1352 1088 851 590 876 990 829 851 798 645 613 443 627 784 623 525 746 599 798 733 829 735 734 747 795 691 866 951 1019 243 0 284 1052 1293 1489 832 683 904 1015 1287 629 449 898 1105 1141 1109 1007 1122 1233 1401 1252 992 992 1212 2122 2308 1968 2031 2238 2393 2254 2442 2248 2151 2312 2225 2247 1917 1712 1611 2096 2537 1909 1868 1963 1925 1969 2251 2249 2472 2404 2371 2299 1658 2195 2370 2218 1725 1599 1545 1719 1557 1600 1477 1880 1877 1599 1906 2048 1928 1941 2496 2626 2817 2658 2538 2656 2458 2398 2672 2699 2883 2218 2092 1891 2003 1688 1834 1763 1449
1502 1570 1104 947 1042 1169 861 852 1102 859 1151 1344 1217 1304 1435 993 1092 1140 876 640 378 664 779 625 660 632 454 404 350 752 910 749 651 872 724 924 859 954 861 860 873 921 817 992 1077 1145 369 275 0 1178 1419 1614 775 631 956 962 1349 712 501 1024 1207 1267 1234 1133 1248 1359 1527 1377 1118 1118 1338 2248 2434 2094 2157 2364 2519 2380 2568 2374 2276 2438 2351 2373 2043 1838 1737 2222 2662 2034 1994 2088 2051 2095 2377 2375 2598 2530 2497 2424 1784 2321 2496 2344 1851 1725 1671 1844 1683 1726 1602 2006 2003 1725 2032 2174 2054 2067 2622 2752 2942 2784 2664 2782 2584 2524 2797 2825 3009 2006 1880 1679 1791 1477 1623 1551 1237
1383 1415 1316 1160 1261 1359 1280 1205 1314 1058 1362 1513 1360 1515 1647 1263 1888 2009 1798 1570 1471 1367 1330 1351 1178 994 1196 1294 1239 519 382 536 602 451 706 480 512 428 430 495 413 499 544 298 221 231 832 1042 1155 0 232 440 869 939 1010 1063 1231 732 1048 883 1061 1145 977 908 1110 1120 1116 970 683 711 900 1870 2117 1782 1725 1655 2141 1554 1697 1523 1409 1588 1496 1442 1679 1574 1565 1339 2122 857 813 911 866 921 1193 1470 1410 1346 1319 1275 607 1146 1306 1165 1217 1278 1230 1066 1233 1329 1390 1511 1447 1544 1212 1334 1186 1108 1606 1681 1781 1594 1711 1787 1514 1463 1732 1827 2009 2298 2435 2316 2323 2121 2272 2196 1939
1636 1666 1556 1400 1502 1599 1521 1446 1554 1299 1603 1753 1601 1756 1888 1504 2150 2261 2062 1826 1724 1610 1617 1601 1426 1242 1452 1549 1489 763 641 780 845 706 960 727 761 672 672 743 658 758 820 542 475 485 1073 1282 1395 245 0 260 1125 1205 1260 1312 1544 1015 1304 1132 1362 1398 1238 1152 1379 1434 1377 1213 927 957 1147 1689 1936 1601 1544 1474 1960 1389 1536 1354 1257 1419 1332 1262 1545 1515 1716 1190 1941 680 640 734 697 741 1022 1291 1244 1176 1143 1099 430 966 1141 990 1054 1098 1096 897 1302 1264 1415 1331 1267 1423 1037 1155 1034 928 1426 1516 1618 1430 1539 1611 1347 1287 1627 1655 1838 2561 2682 2573 2583 2363 2515 2445 2182
1832 1633 1752 1596 1697 1795 1716 1641 1750 1495 1799 1949 1796 1952 2083 1699 2346 2456 2258 2022 1919 1806 1813 1796 1622 1437 1648 1745 1685 958 837 976 1040 901 1156 923 957 867 868 938 853 954 1016 738 671 681 1268 1478 1591 441 248 0 1321 1400 1456 1507 1740 1211 1499 1328 1558 1594 1434 1348 1575 1630 1470 1409 1123 1152 1343 1631 1878 1543 1486 1417 1902 1332 1478 1297 1200 1361 1274 1204 1487 1458 1659 1133 1884 623 582 677 639 684 965 1234 1186 1118 1085 1042 382 909 1084 933 997 1041 1039 840 1245 1207 1358 1273 1210 1365 979 1097 977 870 1368 1459 1560 1372 1481 1554 1290 1230 1569 1597 1780 2756 2878 2769 2778 2559 2711 2641 2378
834 1229 610 455 556 654 575 500 608 353 657 836 655 810 942 558 1183 1304 1093 865 1014 665 672 655 481 296 505 588 533 644 652 650 552 757 607 580 501 596 503 502 515 563 459 638 719 792 635 792 830 820 1047 1255 0 258 300 366 712 372 403 548 552 763 873 787 878 943 1167 1026 760 760 980 1907 2093 1753 1816 2023 2178 2039 2210 2016 1918 2080 1993 2015 1702 1496 1396 1864 2321 1676 1636 1730 1693 1737 2019 2017 2240 2172 2139 2066 1426 1963 2138 1986 1493 1367 1313 1486 1325 1385 1261 1664 1662 1384 1674 1816 1696 1709 2264 2377 2567 2409 2306 2424 2212 2160 2364 2459 2641 1615 1737 1628 1637 1416 1567 1491 1234
903 1356 653 497 598 696 617 515 633 371 700 837 656 853 984 600 1225 1292 1015 787 845 601 672 508 403 202 247 329 308 771 779 777 679 884 734 707 628 723 630 629 642 690 586 765 846 919 763 674 598 947 1174 1382 191 0 422 367 754 445 311 664 674 886 1000 915 1005 1070 1294 1153 887 874 1107 2034 2220 1880 1943 2150 2305 2166 2337 2143 2045 2207 2120 2142 1829 1623 1523 1991 2448 1803 1763 1857 1820 1864 2146 2144 2367 2299 2266 2193 1553 2090 2265 2113 1620 1494 1440 1613 1452 1512 1388 1791 1789 1511 1801 1943 1823 1836 2391 2504 2694 2536 2433 2551 2339 2287 2491 2586 2768 1657 1779 1670 1679 1459 1609 1533 1276
578 1125 777 622 723 821 742 665 611 482 729 664 577 929 959 725 1350 1471 1260 1032 1181 832 839 822 648 463 670 752 684 812 820 818 720 925 775 748 669 764 671 670 683 627 471 806 886 960 803 895 934 988 1215 1423 331 397 0 326 455 389 531 316 312 523 769 683 773 839 1022 881 835 596 1060 1803 1988 1649 1712 1918 2073 1934 2156 2035 2016 2178 2091 2112 1597 1392 1292 1799 2217 1801 1804 1898 1861 1905 2187 2115 2408 2340 2307 2164 1594 2130 2305 2154 1544 1464 1410 1584 1208 1240 1157 1560 1558 1280 1641 1884 1793 1807 2361 2475 2665 2577 2403 2521 2309 2258 2462 2556 2738 1782 1904 1795 1804 1583 1734 1658 1400
544 1176 553 508 610 707 597 429 308 246 435 489 308 690 784 612 1236 1358 1103 875 1024 619 664 704 529 345 560 649 654 863 870 869 770 975 825 798 719 815 721 720 733 781 677 857 937 1010 854 1006 930 1038 1265 1473 202 342 317 0 386 590 617 545 448 575 820 735 825 890 1116 975 978 840 1167 1854 2040 1700 1763 1970 2125 1986 2208 2087 2112 2273 2186 2208 1649 1444 1343 1850 2269 1895 1854 1949 1911 1955 2237 2210 2458 2390 2357 2260 1644 2181 2356 2204 1638 1571 1506 1680 1301 1333 1209 1612 1609 1331 1734 1949 1889 1902 2457 2571 2761 2627 2499 2617 2405 2354 2557 2652 2834 1669 1791 1681 1691 1470 1620 1544 1287
188 995 669 735 813 861 862 726 505 576 456 324 341 589 618 892 1517 1639 1457 1229 1378 973 987 1076 902 731 947 1036 1041 1089 1109 1090 991 1202 1046 1025 946 1054 960 947 972 898 803 1096 1176 1249 1075 1285 1316 1277 1504 1712 589 728 446 360 0 801 942 609 356 394 639 554 644 709 934 794 868 804 985 1673 1859 1519 1582 1789 1944 1805 2026 1906 1930 2092 2005 2027 1468 1263 1162 1669 2087 1715 1993 1948 1988 1985 2106 2029 2404 2459 2230 2078 1883 2217 2425 2130 1456 1389 1325 1498 1120 1152 1027 1430 1428 1150 1553 1768 1708 1721 2276 2389 2579 2506 2318 2436 2224 2172 2376 2471 2653 1950 2071 1962 1972 1751 1901 1825 1568
923 1127 849 693 795 892 814 739 847 592 896 1010 894 1049 1181 797 1421 1543 1332 1104 985 903 910 894 719 535 659 646 503 543 550 549 450 655 505 478 399 495 401 401 413 461 357 537 617 690 430 620 690 719 945 1153 403 420 380 597 728 0 322 456 624 824 771 686 776 842 1065 925 658 658 878 1805 1991 1651 1714 1921 2076 1937 2108 1914 1817 1978 1891 1913 1600 1395 1294 1762 2220 1575 1534 1629 1591 1636 1917 1916 2139 2070 2038 1965 1325 1861 2036 1885 1391 1265 1211 1385 1223 1283 1160 1563 1560 1282 1572 1714 1594 1608 2162 2276 2466 2307 2204 2322 2110 2059 2263 2357 2539 1854 1975 1866 1876 1655 1805 1729 1472
1065 1416 865 710 811 909 830 751 863 608 912 1088 906 1065 1197 813 1431 1491 1214 985 773 799 871 617 601 427 430 397 224 831 839 833 714 943 794 766 687 783 690 689 701 749 645 825 905 978 534 440 479 1007 1234 1441 419 304 521 609 869 304 0 733 782 994 1059 974 1064 1130 1354 1213 947 942 1167 2094 2279 1940 2002 2209 2364 2225 2396 2202 2105 2267 2180 2201 1888 1683 1583 2051 2508 1863 1822 1917 1879 1924 2205 2204 2427 2359 2326 2253 1613 2149 2324 2173 1679 1553 1499 1673 1512 1571 1448 1851 1848 1570 1860 2003 1882 1896 2450 2564 2754 2596 2492 2611 2398 2347 2551 2645 2827 1870 1992 1883 1892 1671 1822 1746 1489
719 871 1025 869 970 1068 990 894 829 711 899 818 747 1084 1113 972 1597 1719 1508 1280 1329 1076 1039 1060 888 703 896 994 886 683 717 705 606 795 661 618 539 668 574 541 586 491 361 710 790 863 690 900 1012 892 1118 1326 579 639 306 519 536 413 727 0 283 511 525 440 530 596 707 566 519 311 736 1560 1745 1406 1468 1675 1830 1668 1851 1715 1672 1851 1759 1796 1307 1050 1042 1453 1974 1481 1700 1714 1746 1754 1865 1773 2159 2218 1995 1842 1494 1986 2179 1896 1180 1139 1086 1267 885 920 902 1306 1308 1020 1320 1567 1449 1483 2046 2160 2350 2276 2079 2201 1994 1943 2147 2241 2423 2008 2145 2026 2032 1831 1981 1905 1648
435 803 910 857 958 1056 977 854 695 671 698 565 583 830 860 960 1585 1706 1490 1262 1411 1042 1027 1043 870 686 892 998 936 907 927 908 809 1019 864 842 764 871 778 765 790 715 597 913 994 1067 893 1103 1185 1095 1322 1530 551 649 303 422 283 581 776 274 0 237 457 372 462 527 752 612 659 507 794 1491 1677 1337 1400 1607 1762 1607 1824 1717 1719 1898 1806 1844 1239 982 973 1455 1905 1529 1803 1762 1794 1802 1913 1820 2207 2266 2043 1889 1698 2033 2226 1944 1226 1198 1133 1314 931 965 833 1238 1240 952 1366 1584 1496 1531 2093 2207 2397 2324 2127 2249 2042 1990 2194 2289 2470 1995 2132 2013 2020 1818 1969 1893 1636
473 635 948 1012 1090 1140 1109 974 752 822 735 603 620 868 897 1170 1795 1916 1680 1452 1568 1192 1190 1254 1082 897 1104 1209 1147 943 963 944 845 1055 900 878 800 907 814 801 826 751 657 949 1030 1103 929 1139 1251 1131 1358 1566 762 861 514 550 321 793 988 503 177 0 493 408 323 463 730 648 695 653 830 1422 1607 1268 1331 1537 1693 1538 1755 1648 1680 1859 1767 1804 1170 912 901 1386 1836 1523 1798 1757 1788 1797 1907 1781 2201 2261 2037 1876 1734 2028 2221 1938 1257 1234 1169 1275 967 948 769 1169 1171 883 1310 1515 1457 1501 2054 2168 2358 2284 2087 2209 2002 1951 2155 2249 2431 2205 2342 2223 2229 2028 2179 2102 1845
751 427 1214 1245 1346 1405 1365 1239 1018 1087 1001 868 886 1134 1163 1348 1973 2094 1883 1655 1524 1455 1461 1445 1271 1086 1296 1393 1294 899 829 900 801 1003 856 821 756 771 669 751 688 642 613 814 896 968 885 1095 1207 998 1224 1432 969 1049 789 841 659 813 1104 546 477 513 0 202 249 195 313 306 449 495 559 1085 1271 931 994 1201 1356 1217 1438 1318 1347 1509 1422 1444 880 674 574 1081 1499 1150 1427 1383 1422 1420 1540 1446 1839 1893 1664 1513 1504 1651 1859 1564 857 825 759 915 547 553 424 842 840 562 954 1179 1125 1147 1692 1806 1996 1923 1735 1853 1641 1589 1793 1888 2069 2405 2527 2417 2427 2206 2356 2280 2023
649 541 1112 1143 1244 1303 1263 1137 916 985 899 767 784 1032 1061 1246 1871 1992 1781 1553 1422 1353 1360 1343 1169 984 1195 1291 1192 797 744 798 699 910 755 733 654 685 583 656 602 556 511 728 810 882 783 993 1106 912 1139 1346 867 947 687 739 558 711 1003 444 375 411 182 0 322 329 487 336 439 375 556 1219 1404 1065 1127 1334 1489 1350 1572 1451 1463 1625 1538 1559 1013 808 708 1215 1633 1248 1525 1481 1521 1518 1638 1562 1937 1992 1763 1611 1518 1750 1957 1662 989 924 858 1031 653 685 573 976 973 695 1086 1313 1241 1254 1808 1922 2112 2039 1851 1969 1757 1705 1909 2003 2185 2303 2425 2316 2325 2104 2255 2179 1921
740 433 1227 1258 1359 1419 1378 1253 1031 1101 1014 882 899 1147 1176 1361 1986 2107 1896 1668 1538 1468 1475 1458 1284 1099 1310 1406 1308 913 933 913 815 1025 870 848 769 877 783 771 795 721 626 919 999 1072 898 1108 1221 1101 1327 1535 982 1062 802 854 673 826 1118 559 491 336 236 318 0 295 492 556 674 610 791 1179 1365 1026 1088 1295 1450 1311 1533 1412 1467 1628 1541 1563 974 769 668 1176 1594 1285 1563 1518 1558 1555 1676 1565 1974 2029 1800 1641 1640 1787 1995 1700 1063 1030 964 1034 752 710 539 937 934 656 1073 1274 1244 1267 1812 1925 2115 2042 1854 1972 1760 1709 1912 2007 2189 2418 2540 2431 2440 2220 2370 2294 2037
875 418 1338 1369 1470 1529 1489 1363 1142 1212 1125 993 1010 1258 1287 1472 2097 2218 2007 1779 1648 1579 1586 1569 1395 1210 1421 1517 1418 1023 1026 1024 925 1136 981 959 880 967 866 882 884 832 737 1011 1092 1164 1009 1219 1332 1194 1421 1629 1093 1173 913 965 784 937 1229 670 602 538 183 307 266 0 345 483 646 691 697 1072 1257 918 980 1187 1342 1203 1425 1304 1348 1509 1422 1444 866 661 561 1068 1486 1166 1444 1399 1439 1436 1557 1446 1855 1910 1681 1522 1521 1668 1876 1581 916 884 818 916 605 585 392 829 826 548 954 1166 1125 1148 1693 1806 1996 1923 1735 1853 1641 1590 1793 1888 2070 2529 2651 2542 2551 2330 2481 2405 2148
1043 497 1506 1537 1638 1698 1657 1532 1310 1380 1293 1161 1178 1426 1455 1640 2265 2386 2175 1947 1817 1747 1754 1737 1563 1378 1589 1685 1587 1090 968 1107 1094 1142 1149 960 918 909 808 890 826 781 905 953 1035 1106 1177 1387 1500 1136 1363 1469 1261 1341 1042 1133 952 1105 1397 727 770 734 300 473 463 271 0 237 530 633 434 1127 1313 973 1036 1134 1398 1049 1235 1086 1083 1244 1157 1179 922 675 616 850 1542 885 1163 1118 1158 1155 1276 1182 1574 1629 1400 1248 1240 1387 1595 1300 593 561 495 651 282 288 293 745 675 459 689 932 860 883 1428 1542 1732 1658 1470 1588 1376 1325 1529 1623 1805 2697 2819 2710 2719 2499 2649 2573 2316
895 720 1358 1384 1485 1549 1504 1383 1162 1231 1145 1012 1030 1278 1307 1487 2112 2233 2022 1794 1667 1594 1601 1584 1410 1225 1436 1532 1437 926 804 944 944 978 999 784 755 687 644 726 601 617 755 789 871 943 1028 1237 1350 973 1199 1407 1108 1188 891 985 803 956 1247 576 621 657 285 332 526 409 217 0 300 481 289 1351 1536 1197 1251 1280 1621 1195 1382 1233 1198 1360 1273 1294 1145 885 840 996 1747 983 1260 1216 1256 1253 1373 1297 1672 1727 1498 1346 1337 1485 1692 1397 740 658 592 766 388 435 503 927 821 664 836 1079 976 989 1543 1657 1847 1773 1585 1704 1491 1440 1644 1738 1920 2544 2666 2557 2566 2345 2496 2420 2163
947 878 1255 1100 1201 1299 1220 1145 1226 998 1209 1077 1095 1342 1371 1203 1828 1949 1738 1510 1411 1310 1317 1300 1126 941 1152 1234 1179 640 518 658 688 692 743 490 471 394 370 442 308 378 519 502 585 655 772 982 1095 687 913 1121 809 879 826 1003 795 672 987 556 686 722 429 435 645 571 511 298 0 317 371 1535 1721 1381 1444 1546 1806 1444 1587 1401 1287 1466 1391 1412 1330 1125 1024 1229 1949 1101 1378 1334 1373 1371 1491 1415 1790 1845 1615 1464 1293 1602 1810 1515 842 754 701 882 676 724 784 1220 1115 941 1066 1212 1093 1107 1661 1775 1965 1891 1703 1821 1609 1558 1762 1856 2038 2260 2382 2273 2282 2061 2212 2136 1878
883 916 1238 1083 1184 1282 1203 1128 1124 981 1145 1013 1031 1278 1307 1186 1811 1932 1721 1493 1394 1293 1299 1283 1109 924 1121 1203 1095 670 548 687 671 722 726 540 498 489 388 470 406 361 436 533 615 686 755 964 1077 716 943 1151 792 848 586 814 731 622 936 316 513 658 474 371 581 617 613 473 280 0 611 1580 1766 1427 1489 1676 1851 1575 1757 1622 1547 1726 1650 1672 1375 1170 1070 1360 1995 1360 1532 1593 1589 1631 1751 1674 2049 2068 1875 1724 1322 1859 2034 1775 1087 1014 960 1142 792 826 887 1323 1217 1041 1227 1472 1353 1366 1921 2035 2225 2151 1963 2081 1869 1818 2021 2116 2298 2243 2365 2255 2265 2044 2195 2118 1861
1065 876 1475 1320 1421 1519 1440 1365 1344 1218 1327 1194 1212 1460 1489 1423 2048 2169 1958 1730 1631 1530 1537 1520 1346 1161 1372 1454 1399 860 738 878 908 912 963 710 691 614 590 662 528 676 739 722 805 875 992 1202 1315 907 1133 1341 1029 1099 1051 1141 912 892 1207 745 803 839 539 552 762 622 414 286 377 620 0 1436 1683 1348 1291 1221 1707 1136 1283 1089 991 1153 1066 1088 1292 1038 995 937 1682 776 1054 1009 1049 1046 1167 1090 1465 1520 1291 1139 1131 1278 1486 1191 566 440 386 559 398 587 659 992 855 816 747 889 769 782 1337 1450 1640 1567 1379 1497 1285 1233 1437 1532 1714 2480 2602 2493 2502 2281 2432 2356 2098
1752 859 2211 2254 2354 2414 2342 2237 1994 2095 2014 1855 1893 2101 2164 2348 2986 3108 2897 2669 2538 2465 2428 2449 2276 2092 2294 2392 2299 1910 1897 1910 1812 2014 1856 1843 1765 1853 1753 1769 1760 1668 1577 1894 1968 2046 1899 2108 2221 1868 1677 1630 1968 2037 1793 1829 1600 1784 2103 1551 1431 1409 1073 1197 1150 997 1123 1348 1532 1575 1429 0 429 219 257 394 455 597 660 740 738 852 827 949 290 521 668 567 571 1021 1317 1275 1307 1315 1319 835 1613 1779 1134 1112 1398 1500 1740 1359 1005 1150 1104 857 1241 1037 912 649 734 846 762 777 794 1012 1108 1222 1412 1339 1142 1264 1057 1005 1209 1304 1485 3397 3534 3415 3421 3220 3370 3294 3037
1948 1054 2406 2450 2549 2610 2537 2433 2189 2290 2210 2051 2088 2297 2359 2543 3182 3303 3092 2864 2733 2661 2624 2645 2472 2288 2490 2588 2495 2105 2092 2106 2008 2209 2052 2038 1960 2049 1949 1965 1956 1864 1773 2090 2164 2242 2094 2304 2417 2124 1933 1886 2163 2233 1989 2025 1796 1979 2298 1746 1626 1604 1268 1392 1346 1193 1319 1544 1727 1771 1686 421 0 416 577 740 476 853 912 997 990 1104 1080 1201 485 717 863 823 814 1278 1573 1532 1564 1572 1571 1088 1866 2036 1386 1364 1654 1752 1996 1612 1261 1406 1360 1113 1436 1232 1108 844 990 1042 1018 1033 1047 1265 1361 1475 1665 1591 1395 1517 1309 1258 1462 1556 1738 3592 3729 3610 3617 3415 3566 3490 3233
1599 705 2057 2100 2200 2260 2188 2083 1840 1941 1860 1701 1739 1947 2010 2194 2832 2954 2743 2515 2384 2311 2274 2295 2123 1938 2140 2238 2145 1756 1743 1756 1658 1860 1702 1689 1611 1699 1599 1615 1606 1514 1423 1740 1814 1892 1745 1954 2067 1779 1587 1541 1814 1883 1639 1675 1446 1630 1949 1397 1277 1255 919 1043 996 843 969 1194 1378 1421 1340 212 406 0 221 450 485 507 725 651 645 824 734 856 136 367 514 478 668 932 1228 1186 1218 1226 1226 742 1520 1690 1041 1019 1308 1407 1650 1266 915 1060 1015 768 1087 883 758 495 644 692 673 687 701 919 1016 1129 1319 1246 1049 1171 964 912 1116 1211 1393 3243 3380 3261 3267 3066 3216 3140 2883
1661 768 2120 2163 2263 2323 2251 2146 1902 2003 1923 1764 1802 2010 2073 2257 2895 3017 2806 2578 2447 2374 2337 2358 2185 2001 2203 2301 2208 1819 1806 1819 1721 1923 1765 1752 1674 1762 1662 1678 1669 1577 1486 1803 1877 1951 1807 2017 2130 1723 1532 1485 1876 1946 1702 1738 1509 1693 2011 1460 1339 1317 981 1106 1059 906 1032 1249 1441 1484 1284 250 566 199 0 255 572 452 624 595 593 772 682 804 257 333 577 422 584 876 1172 1130 1162 1170 1174 690 1468 1634 989 967 1253 1355 1595 1214 860 1005 959 712 1053 849 760 455 589 658 617 632 649 867 964 1077 1267 1194 997 1119 912 860 1064 1159 1340 3306 3443 3323 3330 3129 3279 3203 2946
1868 974 2327 2370 2469 2530 2457 2353 2109 2210 2130 1971 2008 2217 2279 2463 3102 3223 3012 2784 2653 2581 2544 2565 2392 2208 2410 2508 2415 2025 1888 2026 1928 2066 1972 1873 1851 1779 1756 1823 1687 1784 1693 1883 1871 1881 2014 2224 2337 1653 1462 1415 2083 2153 1909 1945 1716 1900 2218 1666 1546 1524 1188 1312 1266 1113 1112 1278 1542 1670 1215 387 730 428 250 0 612 304 421 493 523 613 612 734 424 540 783 352 541 807 1102 1061 1093 1101 1104 621 1398 1565 919 897 1183 1285 1525 1145 790 935 889 642 1028 849 951 510 519 790 547 562 579 797 894 1007 1197 1124 927 1049 842 791 994 1089 1271 3513 3650 3530 3537 3335 3486 3410 3153
2023 1129 2482 2525 2624 2685 2613 2508 2264 2365 2285 2126 2164 2372 2434 2619 3257 3379 3168 2939 2809 2736 2699 2720 2547 2363 2565 2663 2570 2181 2167 2181 2083 2285 2127 2114 2036 2124 2024 2040 2031 1939 1848 2165 2239 2317 2169 2379 2492 2139 1948 1901 2238 2308 2064 2100 1871 2055 2373 1822 1701 1679 1343 1467 1421 1268 1394 1619 1803 1846 1700 447 466 463 565 564 0 719 647 854 1009 846 1098 1220 561 792 938 838 422 1292 1588 1546 1578 1586 1590 1106 1884 2050 1405 1383 1669 1771 2011 1630 1276 1421 1375 1128 1511 1307 1183 920 1005 1117 1033 1021 1065 1283 1380 1493 1683 1610 1413 1535 1328 1276 1480 1575 1757 3668 3805 3685 3692 3491 3641 3565 3308
1884 999 2359 2390 2491 2551 2510 2385 2163 2233 2146 2014 2031 2279 2308 2493 3118 3240 3029 2800 2670 2600 2607 2590 2416 2231 2442 2524 2431 1943 1821 1961 1947 1995 2002 1794 1774 1697 1673 1745 1611 1738 1758 1805 1800 1810 2030 2240 2353 1570 1377 1330 2099 2169 1925 1961 1732 1916 2234 1684 1623 1554 1204 1328 1282 1129 1027 1193 1461 1591 1130 613 860 525 468 320 735 0 254 259 518 416 546 653 469 588 807 282 584 726 1024 980 1019 1017 1127 659 1426 1491 936 916 1101 1248 1456 1161 724 851 814 576 962 769 882 443 440 725 464 368 549 722 906 1020 1210 1136 948 1066 854 803 1006 1101 1283 3550 3672 3563 3572 3352 3502 3426 3169
2106 1220 2581 2550 2651 2749 2670 2595 2385 2448 2368 2235 2253 2501 2530 2653 3278 3399 3188 2960 2861 2760 2766 2750 2576 2391 2601 2684 2629 2090 1968 2108 2138 2142 2193 1940 1920 1844 1819 1892 1758 1906 1969 1951 1946 1957 2222 2431 2544 1717 1524 1477 2259 2329 2146 2182 1953 2122 2437 1871 1844 1775 1426 1550 1504 1350 1214 1379 1607 1778 1276 680 932 746 644 441 659 238 0 224 482 231 546 698 690 810 1028 385 420 873 1171 1127 1166 1164 1103 636 1402 1638 912 892 1248 1275 1603 1137 870 998 960 722 1148 956 1090 664 661 937 612 429 584 791 882 996 1186 1112 924 1042 830 779 983 1077 1259 3710 3832 3722 3732 3511 3662 3585 3328
1985 1133 2460 2356 2457 2555 2476 2401 2264 2254 2247 2115 2132 2380 2409 2459 3084 3205 2994 2766 2667 2566 2572 2556 2382 2197 2407 2490 2435 1896 1774 1914 1944 1948 1999 1746 1726 1650 1625 1698 1564 1712 1775 1757 1765 1775 2028 2237 2350 1535 1342 1295 2065 2135 2026 2062 1833 1928 2243 1722 1724 1654 1305 1429 1383 1230 1065 1230 1413 1628 1082 747 993 659 602 499 867 206 203 0 283 245 347 499 603 704 940 235 638 692 990 945 985 982 904 437 1203 1456 714 694 1066 1076 1421 938 691 804 766 528 973 806 941 519 516 788 463 280 386 592 683 797 987 914 726 844 632 580 784 879 1060 3516 3638 3528 3538 3317 3468 3391 3134
2010 1162 2414 2258 2359 2457 2378 2303 2289 2157 2272 2139 2157 2405 2434 2361 2986 3108 2897 2669 2570 2468 2475 2458 2284 2099 2310 2392 2338 1799 1677 1816 1847 1851 1902 1649 1629 1552 1528 1601 1466 1614 1678 1660 1668 1678 1930 2140 2253 1438 1245 1198 1967 2037 2007 2086 1857 1830 2146 1701 1748 1709 1335 1459 1437 1273 1062 1196 1316 1576 985 776 1020 685 631 561 1047 465 462 271 0 302 243 373 629 766 970 488 877 595 892 848 887 885 807 340 1106 1359 616 596 969 979 1324 841 593 707 669 431 875 803 954 671 685 926 531 291 288 495 586 700 890 816 628 746 534 483 687 781 963 3418 3540 3431 3440 3220 3370 3294 3037
2171 1324 2575 2420 2521 2619 2540 2465 2450 2318 2433 2301 2319 2566 2595 2523 3148 3269 3058 2830 2731 2630 2637 2620 2446 2261 2472 2554 2499 1960 1838 1978 2008 2012 2063 1811 1791 1714 1690 1762 1628 1776 1839 1822 1829 1839 2092 2302 2415 1600 1406 1360 2129 2199 2168 2248 2019 1992 2307 1862 1910 1871 1496 1621 1599 1435 1223 1357 1478 1737 1147 862 1114 847 793 622 855 399 210 233 284 0 334 510 791 927 1131 482 617 757 1054 1009 1049 1046 969 501 1268 1520 778 758 1131 1140 1486 1003 755 868 831 593 1037 965 1116 766 763 1034 692 452 450 656 748 861 1051 978 790 908 696 645 848 943 1125 3580 3702 3593 3602 3381 3532 3456 3199
2084 1239 2488 2333 2434 2532 2453 2378 2363 2231 2346 2214 2232 2479 2508 2436 3061 3182 2971 2743 2644 2543 2550 2533 2359 2174 2385 2467 2412 1873 1751 1891 1921 1925 1976 1723 1704 1627 1603 1675 1541 1689 1752 1735 1742 1752 2005 2215 2328 1513 1319 1273 2042 2112 2081 2161 1932 1905 2220 1775 1823 1783 1409 1534 1512 1348 1136 1270 1387 1645 1060 853 1097 762 708 638 1124 528 525 334 225 322 0 184 706 843 1047 558 935 670 967 922 953 951 744 277 1043 1341 553 533 1044 915 1306 778 649 780 734 487 931 873 1011 740 737 986 600 364 363 460 523 637 827 753 565 683 471 420 623 718 900 3493 3615 3506 3515 3294 3445 3369 3112
2106 1326 2510 2355 2456 2553 2475 2400 2385 2253 2368 2236 2253 2501 2530 2458 3083 3204 2993 2765 2666 2565 2571 2555 2381 2196 2406 2489 2434 1895 1773 1913 1943 1903 1998 1745 1725 1649 1624 1697 1563 1711 1774 1740 1672 1683 2027 2236 2349 1443 1250 1203 2064 2134 2103 2183 1954 1927 2242 1797 1845 1805 1431 1556 1534 1370 1158 1292 1409 1666 1081 960 1204 869 815 745 1231 637 678 487 344 498 180 0 813 950 1154 580 1092 598 897 852 892 890 706 239 1005 1303 515 495 974 878 1268 740 671 802 756 509 953 895 1033 835 804 1008 622 385 381 372 485 599 789 715 527 645 433 382 586 680 862 3515 3637 3527 3537 3316 3466 3390 3133
1781 888 2256 2287 2388 2448 2407 2282 2060 2130 2043 1911 1929 2176 2205 2390 3015 3137 2926 2698 2567 2494 2457 2478 2305 2121 2323 2421 2328 1942 1944 1942 1844 2054 1899 1877 1798 1885 1784 1800 1802 1750 1655 1929 2011 2082 1928 2137 2250 1960 1766 1720 1996 2066 1822 1858 1629 1813 2131 1588 1520 1451 1101 1226 1179 1026 1152 1377 1561 1604 1519 383 390 328 488 689 640 686 904 830 824 1003 913 1035 0 582 704 657 867 1115 1414 1369 1409 1406 1415 921 1714 1880 1225 1198 1491 1587 1846 1449 1094 1239 1194 947 1269 1065 941 702 829 875 852 866 880 1098 1194 1308 1498 1425 1228 1350 1143 1091 1295 1390 1571 3426 3563 3444 3450 3249 3399 3323 3066
1342 448 1817 1848 1949 2008 1968 1842 1621 1690 1604 1472 1489 1737 1766 1951 2576 2697 2486 2258 2127 2055 2017 2038 1866 1682 1883 1982 1888 1502 1505 1503 1404 1615 1460 1438 1359 1446 1345 1360 1363 1311 1216 1489 1571 1643 1488 1698 1811 1673 1503 1456 1557 1627 1383 1418 1189 1373 1692 1149 1080 1011 662 786 740 587 671 882 1121 1164 1032 553 739 399 365 572 824 572 789 697 743 922 832 954 301 0 340 435 937 852 1151 1106 1146 1143 1263 841 1562 1617 1144 1117 1227 1375 1582 1287 774 923 810 683 686 482 394 184 335 292 556 644 757 840 1114 1228 1418 1344 1147 1269 1062 1011 1214 1309 1491 2986 3123 3004 3011 2809 2960 2883 2626
1199 269 1716 1747 1848 1908 1868 1742 1521 1590 1504 1350 1389 1636 1666 1850 2475 2597 2386 2158 2027 1954 1917 1938 1765 1581 1783 1881 1788 1402 1404 1402 1304 1514 1359 1337 1258 1345 1244 1260 1263 1210 1115 1389 1471 1543 1388 1597 1710 1573 1704 1657 1457 1526 1282 1318 1089 1273 1592 1049 980 908 562 686 639 486 612 837 1021 1064 987 675 860 521 584 790 946 790 1008 934 939 1119 1029 1151 423 263 0 711 1089 1074 1351 1307 1346 1344 1464 1037 1763 1818 1341 1314 1428 1575 1783 1488 855 972 880 821 730 526 401 459 564 373 727 911 991 1047 1310 1424 1614 1541 1344 1466 1259 1207 1411 1506 1687 2886 3023 2904 2910 2709 2859 2783 2526
1749 897 2224 2204 2305 2403 2324 2249 2028 2097 2011 1878 1896 2143 2173 2307 2932 3053 2842 2614 2515 2414 2421 2404 2230 2045 2256 2338 2283 1744 1622 1762 1792 1796 1847 1594 1575 1498 1474 1546 1412 1539 1622 1606 1601 1611 1876 2086 2199 1371 1178 1131 1913 1983 1789 1825 1596 1776 2091 1485 1487 1418 1069 1193 1147 993 828 994 1261 1392 931 600 846 511 455 385 871 265 364 229 459 472 564 586 455 467 743 0 791 527 825 781 820 818 938 587 1237 1292 864 844 902 1049 1257 962 525 652 615 377 762 570 704 283 280 551 265 212 365 523 834 947 1137 1064 876 994 782 730 934 1029 1211 3364 3486 3377 3386 3165 3316 3240 2982
2167 1273 2625 2668 2768 2828 2756 2651 2408 2509 2428 2269 2307 2516 2578 2762 3401 3522 3311 3083 2952 2879 2842 2863 2691 2506 2708 2807 2713 2324 2311 2324 2227 2428 2270 2257 2179 2240 2168 2183 2148 2083 1992 2308 2338 2348 2313 2523 2635 2120 1929 1882 2382 2452 2207 2243 2014 2198 2517 1965 1845 1823 1487 1611 1565 1411 1537 1745 1946 1989 1676 563 803 646 577 518 402 568 409 626 858 607 931 1091 704 905 1082 784 0 1274 1569 1528 1560 1568 1487 1004 1781 2032 1302 1280 1650 1668 1992 1527 1257 1396 1350 1103 1495 1316 1326 978 986 1230 1014 832 959 1177 1277 1390 1580 1507 1310 1432 1225 1174 1377 1472 1654 3811 3948 3829 3835 3634 3784 3708 3451
1794 1040 2172 2016 2117 2215 2136 2061 2074 1915 2057 1924 1942 2189 2219 2119 2744 2866 2655 2426 2327 2223 2186 2207 2034 1850 2052 2150 2095 1378 1257 1396 1460 1321 1576 1343 1377 1287 1288 1358 1251 1374 1436 1158 1091 1101 1688 1898 2011 861 668 621 1725 1795 1791 1871 1642 1588 1904 1486 1533 1528 1137 1244 1256 1092 864 980 1097 1355 770 1026 1272 938 881 811 1297 710 852 680 566 745 653 597 835 820 1067 494 1278 0 315 271 310 308 428 644 711 771 547 503 392 538 731 448 393 448 444 244 642 618 755 667 603 764 368 491 343 264 835 909 1067 851 939 1016 743 691 961 1055 1237 3155 3292 3172 3179 2978 3128 3052 2795
2070 1315 2129 1973 2075 2172 2094 2019 2127 1872 2176 2200 2174 2329 2461 2077 2701 2823 2612 2384 2285 2180 2143 2164 1992 1807 2009 2107 2053 1336 1214 1353 1418 1279 1533 1300 1334 1245 1245 1316 1231 1331 1393 1115 1048 1058 1646 1855 1968 818 625 578 1683 1753 1824 1877 1917 1546 1861 1705 1808 1803 1412 1519 1532 1367 1139 1256 1373 1524 1045 1322 1569 1234 1177 1107 1593 1006 1149 975 861 1040 948 894 1131 1116 1342 791 1574 309 0 290 236 281 655 922 768 552 771 726 333 504 512 523 669 730 720 518 917 893 1031 963 899 1039 664 786 638 560 1058 1132 1140 952 1162 1239 966 914 1184 1279 1460 3112 3249 3130 3136 2935 3085 3009 2752
2028 1273 2226 2070 2171 2269 2190 2115 2224 1969 2273 2157 2175 2422 2452 2173 2798 2920 2709 2481 2382 2277 2240 2261 2088 1904 2106 2204 2150 1432 1311 1450 1514 1376 1630 1397 1431 1342 1342 1413 1328 1428 1490 1212 1145 1155 1742 1952 2065 915 722 675 1779 1849 1920 1974 1875 1642 1958 1719 1766 1761 1370 1477 1489 1325 1097 1213 1330 1588 1003 1280 1526 1191 1135 1065 1551 964 1106 933 819 998 905 852 1089 1074 1300 748 1532 266 283 0 119 136 467 734 632 599 583 538 446 369 559 387 626 688 677 476 875 851 988 921 857 997 622 744 595 518 870 944 1004 816 974 1051 778 726 996 1090 1272 3209 3346 3227 3233 3032 3182 3106 2849
2067 1313 2188 2033 2134 2232 2153 2078 2186 1931 2235 2197 2214 2388 2491 2136 2761 2882 2671 2443 2344 2239 2202 2223 2051 1867 2068 2167 2112 1395 1273 1412 1477 1338 1592 1359 1393 1304 1304 1375 1290 1390 1452 1174 1107 1117 1705 1914 2027 878 684 638 1742 1812 1883 1936 1915 1605 1920 1758 1806 1800 1410 1517 1529 1365 1137 1253 1370 1583 1042 1319 1566 1231 1174 1104 1590 1003 1146 972 858 1037 945 891 1128 1114 1339 788 1571 306 229 112 0 87 493 760 556 522 609 565 409 292 482 311 666 727 717 515 914 890 1028 960 896 1037 662 784 635 558 896 970 928 740 1001 1077 804 753 1022 1117 1299 3171 3308 3189 3195 2994 3145 3068 2811
2065 1310 2233 2077 2178 2276 2197 2122 2231 1975 2280 2194 2212 2433 2489 2180 2805 2927 2716 2487 2388 2284 2247 2268 2095 1911 2113 2211 2156 1439 1318 1457 1521 1382 1637 1404 1438 1348 1348 1419 1334 1435 1497 1219 1152 1162 1749 1959 2072 922 729 682 1786 1856 1927 1980 1912 1649 1965 1756 1803 1798 1407 1514 1526 1362 1134 1251 1367 1625 1040 1317 1563 1229 1172 1102 1588 1001 1143 970 856 1035 943 889 1126 1111 1337 786 1569 304 273 129 75 0 491 758 498 465 558 562 453 235 425 253 664 725 714 513 912 888 1025 958 894 1034 659 781 633 555 894 912 870 682 998 1075 802 750 1020 1114 1296 3216 3353 3233 3240 3039 3189 3113 2856
2185 1431 2514 2358 2460 2557 2479 2404 2464 2257 2447 2315 2332 2580 2609 2462 3086 3208 2997 2769 2670 2565 2528 2549 2377 2192 2394 2492 2438 1721 1599 1738 1803 1664 1918 1685 1719 1630 1630 1701 1616 1716 1778 1500 1433 1443 2031 2240 2353 1203 1010 963 2068 2138 2182 2261 2032 1931 2246 1876 1923 1918 1527 1634 1647 1482 1254 1371 1488 1745 1160 1326 1570 1235 1181 1111 1597 1083 1079 889 775 954 738 716 1132 1231 1457 906 1494 424 650 463 481 490 0 551 702 954 399 355 735 579 914 439 784 845 835 633 1032 1008 1146 1078 1014 1154 779 840 753 675 687 761 919 702 791 868 595 543 813 907 1089 3497 3634 3515 3521 3320 3470 3394 3137
2103 1253 2507 2352 2453 2551 2472 2397 2382 2250 2365 2233 2251 2498 2527 2455 3080 3201 2990 2762 2663 2562 2569 2552 2378 2193 2404 2486 2431 1892 1771 1910 1940 1933 1996 1743 1723 1646 1622 1694 1560 1708 1771 1754 1702 1712 2024 2234 2347 1472 1279 1232 2061 2131 2100 2180 1951 1924 2239 1794 1842 1803 1428 1553 1531 1367 1155 1289 1406 1664 1079 867 1111 776 722 652 1138 624 621 430 316 495 280 257 720 857 1061 576 1035 669 926 736 762 760 553 0 853 1149 362 268 1003 724 1115 586 668 799 753 506 950 892 1030 762 776 1004 619 381 382 443 369 501 691 564 342 536 336 284 541 635 817 3512 3634 3525 3534 3313 3464 3388 3131
2484 1729 2736 2580 2681 2779 2700 2625 2734 2478 2746 2613 2631 2878 2908 2683 3308 3429 3218 2990 2891 2787 2750 2771 2598 2414 2616 2714 2659 1942 1820 1960 2024 1885 2140 1907 1940 1851 1851 1922 1837 1938 2000 1722 1654 1665 2252 2462 2575 1425 1232 1185 2289 2359 2430 2483 2331 2152 2468 2175 2222 2217 1826 1933 1945 1781 1553 1669 1786 2044 1459 1625 1869 1534 1480 1410 1896 1381 1378 1188 1073 1253 1037 1015 1431 1530 1756 1204 1793 727 784 647 571 514 718 852 0 506 539 664 956 439 653 296 1082 1144 1133 932 1331 1307 1444 1377 1313 1453 1078 1139 1051 974 926 650 484 299 1090 1160 720 708 953 1112 1078 3718 3855 3736 3743 3541 3692 3616 3359
2538 1784 2665 2510 2611 2709 2630 2555 2663 2408 2712 2668 2686 2865 2963 2613 3238 3359 3148 2920 2821 2716 2679 2700 2528 2344 2545 2644 2589 1872 1750 1889 1954 1815 2069 1836 1870 1781 1781 1852 1767 1867 1929 1651 1584 1594 2182 2392 2504 1355 1161 1115 2219 2289 2360 2413 2386 2082 2397 2229 2277 2272 1881 1988 2000 1836 1608 1724 1841 2060 1514 1791 2037 1702 1646 1576 2062 1475 1617 1444 1329 1509 1335 1313 1600 1585 1811 1259 2043 782 563 610 533 476 965 1148 491 0 859 952 872 446 197 610 1137 1198 1188 987 1386 1362 1499 1432 1368 1508 1133 1255 1106 1029 1284 1046 879 695 1388 1464 1096 1084 1348 1504 1473 3648 3785 3666 3672 3471 3622 3545 3288
2309 1513 2635 2479 2580 2678 2599 2524 2588 2377 2571 2439 2456 2704 2733 2582 3207 3328 3117 2889 2790 2686 2649 2670 2497 2313 2515 2613 2558 1841 1719 1859 1923 1784 2039 1806 1839 1750 1750 1821 1736 1837 1899 1621 1553 1564 2151 2361 2474 1324 1131 1084 2188 2258 2306 2382 2157 2051 2367 2000 2048 2042 1652 1759 1771 1607 1379 1495 1612 1870 1284 1135 1379 1044 990 921 1406 892 889 698 584 763 548 525 942 1093 1322 844 1304 552 778 587 614 567 404 360 524 855 0 259 855 493 883 322 908 969 959 757 1156 1132 1270 1030 1038 1272 888 650 630 615 496 406 538 327 600 677 291 279 622 717 833 3618 3755 3635 3642 3440 3591 3515 3258
2158 1404 2562 2406 2507 2605 2526 2451 2437 2305 2420 2287 2305 2553 2582 2509 3134 3256 3045 2816 2717 2616 2623 2606 2432 2247 2458 2540 2485 1797 1676 1815 1879 1740 1995 1762 1777 1700 1676 1748 1614 1762 1826 1577 1510 1520 2078 2288 2401 1280 1087 1040 2115 2185 2154 2234 2005 1978 2294 1849 1896 1883 1500 1607 1612 1447 1227 1344 1460 1718 1133 1049 1293 958 904 834 1320 805 802 612 498 677 461 439 902 1039 1243 758 1217 509 734 544 570 568 360 267 669 957 265 0 811 532 923 395 749 795 807 607 1005 973 1111 944 956 1119 720 563 560 409 482 556 746 563 563 667 391 339 607 702 884 3566 3688 3579 3588 3368 3518 3442 3185
1989 1395 1922 1766 1867 1965 1886 1811 1920 1664 1968 2119 1966 2121 2253 1869 2494 2615 2404 2176 2077 1973 1936 1957 1784 1600 1802 1900 1845 1128 1006 1146 1210 1071 1326 1093 1126 1037 1037 1108 1023 1124 1186 908 840 851 1438 1648 1761 611 418 380 1475 1545 1616 1669 1837 1338 1654 1498 1728 1764 1492 1514 1611 1446 1218 1335 1289 1317 1124 1401 1648 1313 1256 1186 1672 1085 1228 1054 940 1119 1027 973 1210 1195 1421 870 1653 388 326 442 397 452 724 1002 941 861 850 806 0 677 821 696 748 809 799 597 996 972 1110 1042 978 1119 744 866 717 640 1138 1212 1312 1125 1242 1318 1045 994 1264 1358 1540 2904 3041 2922 2929 2727 2878 2802 2545
2296 1542 2458 2302 2403 2501 2422 2347 2456 2201 2505 2426 2443 2658 2720 2405 3030 3152 2941 2713 2614 2509 2472 2493 2320 2136 2338 2436 2382 1665 1543 1682 1746 1608 1862 1629 1663 1574 1574 1645 1560 1660 1722 1444 1377 1387 1974 2184 2297 1147 954 907 2012 2081 2153 2206 2144 1874 2190 1987 2035 2029 1639 1746 1758 1594 1366 1482 1599 1853 1271 1498 1742 1407 1353 1283 1769 1232 1251 1060 946 1125 910 888 1304 1343 1568 1017 1666 539 506 371 293 237 581 722 424 435 483 527 678 0 411 185 895 956 946 744 1143 1119 1257 1189 1125 1266 891 1012 864 787 858 838 795 608 963 1039 730 715 984 1079 1261 3441 3578 3459 3465 3264 3414 3338 3081
2504 1750 2631 2475 2576 2674 2595 2520 2629 2374 2678 2634 2651 2831 2928 2578 3203 3325 3114 2885 2786 2682 2645 2666 2493 2309 2511 2609 2554 1837 1716 1855 1919 1780 2035 1802 1836 1746 1747 1817 1732 1833 1895 1617 1550 1560 2147 2357 2470 1320 1127 1080 2184 2254 2325 2378 2351 2047 2363 2195 2243 2237 1847 1953 1966 1801 1573 1690 1807 2026 1479 1756 2003 1668 1611 1541 2027 1440 1583 1409 1295 1474 1301 1278 1565 1550 1776 1225 2008 747 529 576 498 441 930 1113 638 185 874 918 837 402 0 576 1103 1164 1154 952 1351 1327 1465 1397 1333 1474 1099 1220 1072 995 1249 1193 1026 842 1353 1430 1121 1105 1375 1470 1620 3614 3751 3631 3638 3437 3587 3511 3254
2209 1455 2482 2326 2427 2525 2446 2371 2480 2224 2471 2339 2356 2604 2633 2429 3054 3176 2965 2736 2637 2533 2496 2517 2344 2160 2362 2460 2405 1688 1567 1706 1770 1631 1886 1653 1687 1597 1597 1668 1583 1684 1746 1468 1401 1411 1998 2208 2321 1171 978 931 2035 2105 2176 2229 2056 1898 2214 1900 1948 1942 1552 1658 1671 1506 1278 1395 1512 1769 1184 1360 1604 1269 1215 1145 1631 1116 1113 923 808 988 772 750 1166 1255 1481 930 1528 452 530 394 317 260 443 585 280 599 312 389 702 184 559 0 808 869 859 657 1056 1032 1170 1102 1038 1179 804 874 777 700 721 666 649 457 825 901 559 547 847 941 1094 3465 3602 3482 3489 3288 3438 3362 3105
1536 832 1988 1833 1934 2032 1953 1878 1815 1731 1798 1665 1683 1931 1960 1936 2561 2682 2471 2243 2144 2043 2049 2033 1859 1674 1884 1967 1912 1373 1251 1391 1421 1425 1476 1223 1203 1127 1102 1175 1041 1189 1252 1234 1318 1388 1505 1714 1827 1235 1042 995 1542 1612 1535 1612 1383 1405 1720 1229 1274 1305 845 985 1033 842 572 737 890 1135 559 1023 1270 935 878 809 1294 707 850 678 564 743 668 690 879 792 874 492 1275 412 690 645 685 682 802 692 1101 1156 927 767 766 914 1121 826 0 281 243 161 445 405 544 615 483 580 277 491 371 393 938 1052 1242 1169 981 1099 887 835 1039 1133 1315 2993 3115 3005 3015 2794 2945 2868 2611
1469 921 1862 1706 1807 1905 1827 1752 1748 1605 1731 1598 1616 1864 1893 1810 2434 2556 2345 2117 2018 1916 1923 1906 1732 1548 1758 1840 1786 1247 1125 1264 1295 1299 1350 1097 1077 1001 976 1049 914 1063 1126 1108 1192 1262 1379 1588 1701 1279 1086 1039 1416 1485 1455 1545 1316 1279 1594 1149 1207 1243 813 920 1001 809 540 656 764 1024 433 1151 1398 1063 1006 936 1422 835 978 792 678 857 781 803 1007 925 978 620 1397 450 734 689 729 726 846 805 1145 1200 971 797 810 958 1165 870 233 0 148 275 336 484 610 793 661 698 462 604 484 481 1052 1166 1356 1269 1094 1212 1000 949 1152 1247 1429 2867 2988 2879 2889 2668 2818 2742 2485
1404 837 1808 1653 1754 1852 1773 1698 1683 1551 1666 1534 1551 1799 1828 1756 2381 2502 2291 2063 1964 1863 1869 1853 1679 1494 1704 1787 1732 1193 1071 1211 1241 1245 1296 1043 1023 947 922 995 861 1009 1072 1054 1138 1208 1325 1534 1647 1239 1084 1037 1362 1432 1401 1481 1252 1225 1540 1095 1143 1179 747 854 935 743 474 590 710 970 379 1113 1360 1025 968 899 1384 798 940 754 640 819 744 765 969 824 894 582 1360 454 731 687 727 724 844 768 1143 1198 969 817 808 956 1163 868 195 146 0 237 270 399 525 698 561 598 425 567 447 460 1014 1128 1318 1244 1056 1175 962 911 1115 1209 1391 2813 2935 2825 2835 2614 2765 2688 2431
1578 798 1982 1826 1927 2025 1946 1871 1857 1725 1840 1707 1725 1973 2002 1929 2554 2676 2465 2237 2137 2036 2043 2026 1852 1667 1878 1960 1905 1367 1245 1384 1414 1419 1470 1217 1197 1120 1096 1168 1034 1182 1246 1228 1308 1318 1498 1708 1821 1078 885 838 1535 1605 1574 1654 1425 1398 1714 1269 1316 1277 903 1027 1005 841 630 764 884 1144 553 875 1122 787 730 661 1146 560 702 516 402 581 506 527 731 702 823 344 1122 255 532 488 528 525 645 530 944 999 770 610 609 757 964 669 143 273 227 0 443 371 522 517 422 529 192 329 208 236 776 890 1080 1006 818 937 724 673 877 971 1153 2986 3108 2999 3008 2788 2938 2862 2605
1199 682 1674 1665 1766 1864 1785 1700 1478 1548 1461 1329 1346 1594 1623 1768 2393 2514 2303 2075 1976 1875 1882 1865 1691 1506 1717 1799 1744 1205 1083 1223 1253 1257 1308 1055 1036 959 934 1007 873 946 1072 1066 1150 1220 1337 1547 1659 1251 1290 1243 1374 1444 1198 1276 1047 1229 1548 892 938 974 534 649 723 531 261 385 683 799 391 1250 1436 1096 1062 1047 1521 945 1128 960 846 1025 950 971 1045 696 739 730 1513 660 937 893 933 930 1050 974 1349 1404 1175 1023 1014 1162 1369 1074 397 326 260 441 0 245 371 737 623 474 602 773 653 666 1220 1334 1524 1451 1263 1381 1169 1117 1321 1415 1597 2825 2947 2837 2847 2626 2777 2700 2443
1231 473 1706 1736 1837 1898 1856 1732 1510 1580 1493 1361 1378 1626 1655 1839 2464 2585 2374 2146 2015 1946 1953 1936 1762 1577 1788 1870 1776 1287 1166 1305 1292 1339 1348 1158 1116 1107 1006 1088 1024 978 1104 1150 1232 1304 1376 1586 1699 1334 1252 1205 1445 1515 1230 1308 1079 1261 1580 924 970 952 540 681 681 511 267 433 728 831 581 1041 1227 887 853 854 1312 753 935 800 774 953 878 900 836 487 530 538 1321 622 900 855 895 892 1012 902 1311 1366 1137 977 977 1124 1332 1037 364 477 388 369 235 0 192 501 395 248 410 653 581 603 1148 1262 1452 1379 1191 1309 1097 1045 1249 1344 1525 2896 3018 2909 2918 2697 2848 2772 2515
1107 347 1582 1612 1714 1773 1733 1607 1386 1455 1369 1236 1254 1502 1531 1716 2340 2462 2251 2023 1892 1822 1829 1813 1638 1454 1664 1747 1653 1267 1234 1268 1169 1379 1224 1202 1124 1175 1074 1125 1092 1047 981 1219 1301 1372 1253 1463 1575 1402 1403 1356 1322 1392 1147 1183 954 1138 1457 914 845 781 411 551 510 318 289 501 796 899 650 924 1110 770 772 963 1195 866 1070 934 925 1104 1029 1050 719 405 413 672 1338 773 1050 1006 1046 1043 1163 1053 1462 1517 1288 1128 1127 1275 1482 1187 495 603 516 520 361 187 0 476 474 189 561 803 732 754 1299 1413 1603 1530 1342 1460 1248 1196 1400 1494 1676 2773 2895 2785 2795 2574 2724 2648 2391
1510 629 1985 2016 2117 2176 2136 2010 1789 1858 1772 1639 1657 1905 1934 2119 2744 2865 2654 2426 2295 2223 2185 2206 2034 1850 2051 2150 2056 1670 1658 1671 1572 1783 1627 1606 1527 1553 1498 1528 1467 1470 1384 1643 1725 1751 1656 1866 1979 1512 1318 1272 1725 1795 1551 1586 1357 1541 1860 1317 1248 1179 830 954 908 755 741 925 1217 1318 986 673 858 519 479 511 943 427 644 513 648 756 723 834 421 152 452 250 979 667 966 921 961 958 1079 746 1377 1432 1049 1013 1043 1190 1398 1103 597 791 684 499 727 497 464 0 150 303 372 460 573 656 1019 1133 1323 1249 1052 1174 967 916 1120 1214 1396 3154 3291 3172 3179 2977 3128 3051 2794
1507 641 1982 2013 2114 2174 2133 2008 1786 1856 1769 1637 1655 1902 1931 2116 2741 2863 2652 2424 2293 2220 2183 2204 2031 1847 2049 2147 2054 1662 1540 1668 1570 1714 1625 1512 1493 1416 1391 1464 1330 1365 1381 1523 1607 1677 1653 1863 1976 1448 1255 1208 1722 1792 1548 1584 1355 1539 1857 1311 1246 1177 827 952 905 752 654 819 1111 1212 848 740 986 651 595 525 1011 424 641 510 662 753 720 804 549 303 557 247 992 604 903 858 898 895 1015 760 1314 1369 1063 949 980 1127 1334 1039 464 660 547 420 607 391 462 150 0 300 245 429 509 592 1033 1146 1336 1263 1066 1188 981 929 1133 1228 1410 3152 3289 3169 3176 2975 3125 3049 2792
1229 420 1704 1735 1836 1896 1855 1730 1508 1578 1491 1359 1377 1624 1653 1838 2463 2585 2374 2145 2015 1945 1952 1935 1761 1576 1787 1869 1776 1390 1392 1390 1292 1502 1347 1325 1246 1333 1232 1248 1250 1198 1103 1377 1459 1530 1375 1585 1698 1560 1410 1363 1444 1514 1270 1306 1077 1261 1579 1036 968 899 549 674 627 474 455 661 957 1057 809 862 1048 708 674 806 1133 708 917 781 897 1025 1002 1024 657 308 389 519 1246 780 1058 1013 1053 1050 1170 1025 1469 1524 1295 1135 1135 1282 1490 1195 559 697 584 527 464 243 178 319 316 0 464 650 739 762 1271 1385 1575 1502 1314 1432 1220 1168 1372 1466 1648 2895 3017 2908 2917 2697 2847 2771 2514
1632 813 2107 2014 2115 2213 2134 2059 1911 1912 1894 1762 1779 2027 2056 2117 2742 2863 2652 2424 2325 2224 2230 2214 2040 1855 2066 2148 2093 1554 1432 1572 1602 1606 1657 1404 1384 1308 1283 1356 1222 1370 1433 1415 1447 1457 1686 1896 2008 1217 1024 978 1723 1793 1631 1709 1480 1586 1901 1325 1371 1315 941 1082 1044 880 668 833 1071 1232 740 764 1010 675 619 549 1035 448 592 457 502 681 605 627 619 558 728 232 1016 373 672 627 667 664 785 630 1083 1138 906 725 749 896 1104 809 258 461 415 190 584 405 543 373 247 447 0 296 308 370 876 990 1180 1106 918 1036 824 773 977 1071 1253 3174 3296 3186 3196 2975 3126 3049 2792
1847 997 2311 2156 2257 2355 2276 2201 2126 2054 2109 1977 1994 2242 2271 2259 2884 3005 2794 2566 2467 2366 2373 2356 2182 1997 2208 2290 2235 1696 1574 1714 1744 1748 1799 1547 1527 1450 1426 1498 1364 1512 1575 1558 1565 1575 1828 2038 2151 1336 1142 1096 1865 1935 1874 1923 1694 1728 2043 1568 1586 1516 1167 1291 1245 1092 911 1076 1214 1473 883 778 1025 690 633 563 1023 350 409 273 262 441 366 388 634 646 912 206 835 493 790 745 785 782 857 389 1156 1256 666 646 867 1014 1222 891 472 603 557 310 754 648 785 461 430 634 294 0 186 392 636 750 940 866 678 796 584 533 736 831 1013 3316 3438 3329 3338 3117 3268 3192 2935
1787 1007 2191 2036 2137 2235 2156 2081 2066 1934 2049 1917 1934 2182 2211 2139 2764 2885 2674 2446 2347 2246 2252 2236 2062 1877 2088 2170 2115 1576 1454 1594 1624 1628 1679 1426 1406 1330 1305 1378 1244 1392 1455 1437 1445 1455 1708 1918 2030 1215 1022 975 1745 1815 1784 1864 1635 1608 1923 1478 1526 1486 1112 1237 1215 1051 839 973 1090 1348 762 813 1057 722 668 598 1084 531 564 373 259 438 346 381 666 787 1007 358 979 372 670 625 665 662 782 360 1081 1136 664 553 747 894 1101 806 352 483 437 190 634 576 714 602 539 723 303 185 0 272 633 747 937 864 676 794 582 530 734 829 1010 3196 3318 3208 3218 2997 3148 3071 2814
1800 1030 2205 2049 2150 2248 2169 2094 2080 1947 2063 1930 1948 2195 2225 2152 2777 2898 2687 2459 2360 2259 2266 2249 2075 1890 2101 2183 2128 1589 1468 1607 1637 1569 1693 1440 1420 1343 1319 1391 1257 1405 1469 1406 1338 1349 1721 1931 2044 1109 916 869 1758 1828 1797 1877 1648 1621 1937 1491 1539 1509 1135 1250 1238 1073 862 986 1103 1361 776 1020 1264 929 875 805 1291 706 771 580 466 645 440 371 873 849 1055 491 1185 264 563 518 558 556 676 418 974 1029 615 402 640 787 995 700 375 480 450 234 648 599 737 664 601 746 365 391 243 0 691 805 995 921 733 851 639 588 792 886 1068 3209 3331 3222 3231 3010 3161 3085 2828
2363 1501 2755 2600 2701 2799 2720 2645 2630 2498 2613 2481 2498 2746 2775 2703 3328 3449 3238 3010 2911 2810 2816 2800 2626 2441 2651 2748 2688 2124 2002 2141 2188 2067 2243 1990 1970 1894 1869 1942 1808 1956 2019 1903 1836 1846 2272 2481 2594 1606 1413 1367 2324 2404 2357 2453 2272 2215 2503 2042 2090 2050 1689 1805 1808 1689 1424 1539 1657 1917 1333 1115 1359 1024 970 900 1386 897 889 690 593 754 544 506 968 1105 1309 830 1283 835 1060 870 896 894 687 369 926 1284 496 482 1138 858 1249 721 935 1048 1010 772 1217 1145 1296 1010 1023 1268 872 632 630 691 0 362 553 626 336 291 249 286 266 383 597 3760 3882 3772 3782 3562 3714 3644 3381
2484 1621 2875 2720 2821 2919 2840 2765 2750 2618 2733 2601 2619 2866 2895 2823 3448 3569 3358 3130 3031 2930 2937 2920 2746 2561 2772 2868 2808 2214 2093 2232 2296 2157 2364 2111 2091 2014 1990 2062 1928 2076 2139 1994 1927 1937 2392 2602 2715 1697 1504 1457 2444 2524 2478 2573 2392 2335 2623 2162 2210 2171 1809 1925 1928 1809 1544 1660 1778 2037 1453 1235 1479 1144 1090 1020 1506 1017 1009 810 713 874 664 626 1088 1225 1429 950 1403 926 1151 961 986 929 777 518 666 1062 422 572 1228 854 1209 683 1055 1168 1131 893 1337 1265 1416 1130 1144 1388 992 752 750 811 360 0 257 349 609 564 202 313 427 520 487 3880 4002 3893 3902 3683 3835 3764 3501
2674 1812 3066 2911 3012 3110 3031 2956 2941 2809 2924 2792 2809 3057 3086 3014 3639 3760 3549 3321 3222 3121 3127 3111 2937 2752 2963 3059 2999 2316 2194 2333 2398 2259 2513 2280 2281 2205 2180 2253 2119 2267 2330 2095 2028 2038 2583 2793 2905 1799 1605 1559 2635 2715 2668 2764 2583 2526 2814 2353 2401 2361 2000 2116 2119 2000 1735 1850 1968 2228 1644 1426 1670 1335 1281 1211 1697 1208 1200 1001 904 1065 855 817 1279 1416 1620 1141 1594 1084 1157 1021 945 887 936 708 501 896 556 763 1330 813 1044 667 1246 1359 1322 1083 1528 1456 1607 1321 1335 1579 1183 943 941 1002 551 240 0 373 791 746 393 504 571 660 614 4071 4193 4083 4093 3873 4026 3955 3692
2608 1745 2921 2766 2867 2965 2886 2811 2874 2664 2857 2725 2742 2990 3019 2869 3494 3615 3404 3176 3077 2976 2983 2966 2792 2607 2818 2914 2854 2128 2006 2146 2210 2071 2326 2093 2126 2037 2037 2108 2023 2124 2185 1908 1840 1851 2438 2648 2761 1611 1418 1371 2490 2570 2601 2677 2516 2381 2669 2286 2334 2294 1933 2049 2052 1933 1668 1784 1901 2161 1577 1359 1603 1268 1214 1144 1630 1141 1133 934 837 998 788 750 1212 1349 1553 1074 1527 874 969 833 757 700 726 587 316 712 351 587 1142 625 859 474 1179 1292 1255 1017 1461 1389 1540 1254 1268 1512 1116 876 874 935 624 333 356 0 833 847 421 463 711 803 770 3926 4048 3939 3948 3729 3881 3810 3547
2411 1561 2815 2660 2761 2859 2780 2705 2690 2558 2673 2541 2558 2806 2835 2763 3388 3509 3298 3070 2971 2870 2876 2860 2686 2501 2711 2794 2739 2200 2078 2218 2248 2180 2303 2050 2030 1954 1929 2002 1868 2016 2079 2016 1949 1959 2332 2541 2654 1720 1526 1480 2369 2439 2408 2488 2259 2232 2547 2102 2150 2110 1736 1861 1839 1675 1463 1597 1714 1972 1386 1175 1419 1084 1030 960 1446 931 928 738 624 803 575 565 1028 1165 1369 884 1343 948 1174 983 1010 1007 800 315 1099 1397 609 556 1251 972 1362 834 976 1107 1061 814 1258 1200 1338 1070 1084 1312 927 689 670 748 334 593 783 809 0 195 524 473 421 437 790 3820 3942 3832 3842 3621 3772 3695 3438
2505 1655 2909 2753 2854 2952 2873 2798 2784 2652 2767 2634 2652 2900 2929 2856 3481 3603 3392 3164 3065 2963 2970 2953 2779 2594 2805 2887 2833 2294 2172 2311 2342 2239 2397 2144 2124 2047 2023 2096 1961 2109 2173 2076 2009 2019 2425 2635 2748 1779 1586 1539 2463 2532 2502 2581 2352 2325 2641 2196 2243 2204 1830 1954 1933 1768 1557 1691 1808 2065 1480 1269 1513 1178 1124 1054 1540 1025 1022 831 717 896 681 659 1122 1258 1462 977 1437 1007 1233 1043 1069 1066 859 509 1158 1456 669 647 1310 1031 1422 893 1070 1200 1155 908 1352 1294 1432 1164 1177 1405 1021 783 763 842 289 548 738 823 191 0 529 532 376 381 745 3913 4035 3926 3936 3715 3865 3789 3532
2316 1453 2707 2552 2653 2751 2672 2597 2583 2450 2566 2433 2451 2698 2728 2655 3280 3401 3190 2962 2863 2762 2769 2752 2578 2393 2604 2700 2640 2045 1924 2063 2127 1989 2196 1943 1923 1846 1822 1894 1760 1908 1971 1825 1758 1768 2224 2434 2547 1528 1335 1288 2276 2356 2310 2405 2224 2167 2455 1994 2042 2003 1641 1757 1760 1641 1377 1492 1610 1869 1285 1067 1311 976 922 853 1338 849 841 642 545 707 496 458 920 1057 1261 782 1235 757 982 792 818 816 609 350 734 1110 305 405 1059 744 1135 573 887 1000 963 725 1169 1097 1248 962 976 1220 824 584 582 643 249 186 376 398 538 541 0 110 415 530 609 3712 3834 3725 3734 3515 3667 3596 3333
2256 1393 2647 2492 2593 2691 2612 2537 2522 2390 2506 2373 2391 2638 2668 2595 3220 3341 3130 2902 2803 2702 2709 2692 2518 2333 2544 2640 2580 1985 1864 2003 2067 1928 2136 1883 1863 1786 1762 1834 1700 1848 1911 1765 1698 1708 2164 2374 2487 1468 1275 1228 2216 2296 2250 2345 2164 2107 2395 1934 1982 1943 1581 1697 1700 1581 1317 1432 1550 1809 1225 1007 1251 916 862 792 1278 789 781 582 485 647 436 398 860 997 1201 722 1175 697 922 732 758 755 548 290 735 1111 306 344 999 720 1111 574 827 940 903 665 1109 1037 1188 902 916 1160 764 524 522 583 286 296 486 439 478 551 96 0 493 594 699 3652 3774 3665 3674 3455 3607 3536 3273
2533 1670 2924 2769 2870 2968 2889 2814 2799 2667 2782 2650 2668 2915 2944 2872 3497 3618 3407 3179 3080 2979 2986 2969 2795 2610 2821 2917 2857 2309 2187 2327 2357 2255 2413 2160 2140 2063 2039 2111 1977 2125 2188 2091 2024 2034 2441 2651 2764 1795 1601 1555 2493 2573 2527 2622 2441 2384 2672 2211 2259 2220 1858 1974 1977 1858 1593 1709 1827 2086 1502 1284 1528 1193 1139 1069 1555 1066 1058 859 762 923 713 675 1137 1274 1478 999 1452 1023 1248 1058 1085 1082 875 615 1028 1424 684 669 1326 1047 1437 909 1104 1217 1180 942 1386 1314 1465 1179 1193 1437 1041 801 799 860 263 411 566 687 497 452 403 469 0 199 360 3929 4051 3942 3951 3732 3884 3813 3550
2500 1637 2892 2736 2837 2935 2856 2781 2767 2634 2750 2617 2635 2882 2912 2839 3464 3585 3374 3146 3047 2946 2953 2936 2762 2577 2788 2884 2824 2276 2155 2294 2324 2222 2380 2127 2107 2030 2006 2078 1944 2092 2156 2058 1991 2001 2408 2618 2731 1762 1568 1522 2460 2540 2494 2589 2408 2351 2639 2179 2226 2187 1825 1941 1944 1825 1561 1676 1794 2053 1469 1251 1495 1160 1106 1037 1522 1033 1025 826 729 891 680 642 1104 1241 1445 966 1420 990 1216 1025 1052 1049 842 582 1121 1439 651 637 1293 1014 1404 876 1071 1184 1147 909 1353 1281 1432 1146 1160 1404 1009 768 766 827 334 500 655 780 445 390 518 515 175 0 459 3896 4018 3909 3918 3699 3851 3780 3518
2743 1881 3135 2979 3080 3178 3099 3024 3010 2878 2993 2860 2878 3126 3155 3082 3707 3829 3618 3390 3291 3189 3196 3179 3005 2820 3031 3128 3068 2520 2398 2537 2568 2465 2623 2370 2350 2273 2249 2322 2187 2335 2399 2302 2235 2245 2651 2861 2974 2005 1812 1765 2704 2784 2737 2833 2651 2594 2882 2422 2469 2430 2068 2184 2188 2069 1804 1919 2037 2297 1713 1495 1739 1404 1350 1280 1766 1276 1268 1070 972 1134 924 886 1348 1484 1688 1210 1663 1233 1459 1269 1295 1292 1085 825 1088 1483 843 880 1536 1257 1630 1104 1314 1428 1390 1152 1596 1524 1675 1390 1403 1647 1252 1012 1009 1070 577 454 609 746 742 697 596 676 337 450 0 4139 4261 4152 4162 3942 4094 4024 3761
2069 2725 1437 1352 1323 1329 1447 1511 1505 1675 1554 1747 1653 1631 1535 1275 1052 1302 1318 1476 1824 1579 1500 1769 1620 1631 1837 1942 1974 2151 2159 2157 2059 2264 2114 2087 2008 2103 2010 2009 2022 2070 1966 2145 2226 2299 2143 2209 1974 2327 2554 2762 1495 1661 1798 1689 1926 1836 1904 2055 2046 2248 2380 2295 2385 2450 2674 2533 2264 2262 2480 3414 3600 3260 3323 3530 3685 3530 3697 3510 3396 3575 3483 3521 3209 3003 2903 3339 3828 3183 3143 3237 3200 3244 3526 3497 3747 3679 3646 3566 2933 3470 3645 3493 2951 2864 2810 2991 2814 2887 2756 3171 3169 2875 3176 3322 3173 3208 3771 3884 4074 3916 3804 3926 3719 3667 3871 3966 4148 0 263 360 376 749 691 486 865
2180 2836 1548 1462 1434 1439 1557 1621 1616 1786 1665 1858 1763 1741 1646 1386 926 1176 1192 1351 1698 1586 1529 1643 1642 1741 1864 1870 2006 2262 2270 2268 2169 2374 2225 2197 2118 2214 2120 2120 2132 2180 2076 2256 2336 2409 2177 2083 1848 2438 2664 2872 1606 1771 1908 1800 2036 1947 2015 2166 2156 2359 2490 2405 2495 2561 2785 2644 2374 2372 2591 3525 3710 3371 3433 3640 3795 3640 3807 3621 3507 3686 3594 3631 3319 3114 3014 3449 3939 3294 3253 3348 3310 3355 3636 3608 3858 3790 3757 3677 3044 3580 3755 3604 3062 2975 2921 3102 2924 2998 2867 3282 3279 2985 3286 3432 3284 3319 3881 3995 4185 4027 3915 4037 3829 3778 3982 4076 4258 241 0 234 256 623 565 360 739
2060 2716 1428 1342 1314 1319 1407 1502 1496 1666 1545 1738 1643 1621 1520 1233 725 975 991 1150 1498 1385 1328 1442 1441 1621 1663 1669 1805 2142 2150 2148 2050 2255 2105 2078 1999 2094 2001 2000 2013 2060 1957 2136 2216 2290 1976 1882 1647 2318 2545 2753 1486 1652 1789 1680 1917 1827 1895 2046 2037 2239 2371 2285 2375 2441 2665 2524 2254 2252 2471 3405 3590 3251 3314 3520 3676 3521 3687 3501 3387 3566 3474 3512 3200 2994 2894 3329 3819 3174 3134 3228 3191 3235 3516 3488 3738 3670 3637 3557 2924 3460 3635 3484 2942 2855 2801 2982 2804 2878 2747 3162 3160 2866 3167 3313 3164 3199 3761 3875 4065 3907 3795 3917 3710 3658 3862 3957 4138 338 227 0 166 423 364 159 538
2080 2736 1448 1362 1334 1339 1457 1522 1516 1686 1565 1758 1663 1641 1546 1286 837 1087 1103 1261 1609 1497 1439 1554 1553 1641 1775 1781 1916 2162 2170 2168 2069 2274 2125 2097 2019 2114 2021 2020 2033 2080 1977 2156 2236 2310 2088 1994 1759 2338 2565 2773 1506 1672 1809 1700 1937 1847 1915 2066 2056 2259 2391 2305 2395 2461 2685 2544 2274 2272 2491 3425 3610 3271 3334 3540 3696 3540 3707 3521 3407 3586 3494 3532 3220 3014 2914 3349 3839 3194 3154 3248 3211 3255 3536 3508 3758 3690 3657 3577 2944 3480 3655 3504 2962 2875 2821 3002 2824 2898 2767 3182 3180 2886 3187 3333 3184 3219 3781 3895 4085 3927 3815 3937 3730 3678 3882 3976 4158 354 250 150 0 535 478 252 650
1867 2517 1218 1132 1104 1109 1205 1292 1286 1456 1335 1528 1433 1411 1310 1030 522 588 788 947 1295 1186 1168 1249 1251 1419 1470 1481 1615 1932 1940 1938 1839 2044 1895 1867 1789 1884 1791 1790 1803 1850 1747 1926 2006 2080 1773 1679 1444 2108 2335 2543 1291 1467 1588 1478 1752 1660 1691 1836 1826 2029 2181 2079 2195 2305 2474 2324 2048 2048 2268 3195 3380 3041 3104 3310 3466 3327 3498 3304 3206 3368 3281 3303 2990 2784 2684 3152 3609 2964 2924 3018 2981 3025 3306 3305 3528 3460 3427 3354 2714 3250 3425 3274 2781 2654 2601 2774 2613 2672 2549 2952 2950 2672 2962 3104 2984 2997 3551 3665 3855 3697 3594 3712 3500 3448 3652 3746 3928 751 625 424 536 0 292 295 296
2019 2669 1370 1284 1256 1262 1351 1444 1438 1608 1487 1680 1586 1564 1462 1176 660 718 934 1093 1441 1332 1313 1395 1397 1571 1615 1627 1761 2084 2092 2090 1992 2197 2047 2020 1941 2036 1943 1942 1955 2003 1899 2078 2159 2232 1919 1825 1590 2260 2487 2695 1443 1619 1740 1630 1904 1812 1843 1988 1979 2181 2333 2231 2347 2457 2626 2476 2200 2200 2420 3347 3533 3193 3256 3463 3618 3479 3650 3456 3358 3520 3433 3455 3142 2936 2836 3304 3761 3116 3076 3170 3133 3177 3459 3457 3680 3612 3579 3506 2866 3402 3578 3426 2933 2807 2753 2926 2765 2825 2701 3104 3102 2824 3114 3256 3136 3149 3704 3817 4007 3849 3746 3864 3652 3600 3804 3899 4081 694 568 367 481 282 0 238 450
1949 2598 1300 1214 1186 1191 1279 1373 1367 1538 1416 1610 1515 1493 1391 1105 597 846 863 1021 1369 1260 1242 1323 1325 1500 1544 1555 1690 2014 2022 2020 1921 2126 1976 1949 1870 1966 1872 1872 1884 1932 1828 2008 2088 2161 1848 1753 1519 2190 2416 2624 1373 1548 1670 1560 1833 1741 1773 1917 1908 2111 2263 2161 2276 2387 2555 2406 2129 2130 2349 3276 3462 3123 3185 3392 3547 3408 3579 3385 3288 3450 3362 3384 3071 2866 2765 3233 3691 3046 3005 3100 3062 3107 3388 3387 3610 3542 3509 3436 2796 3332 3507 3356 2862 2736 2682 2856 2694 2754 2631 3034 3031 2753 3043 3186 3065 3079 3633 3747 3937 3778 3675 3793 3581 3530 3734 3828 4010 495 369 168 268 294 235 0 413
1726 2376 1077 991 963 933 965 1134 1145 1279 1194 1387 1292 1270 1174 790 283 439 549 707 1055 946 928 1009 1011 1196 1230 1241 1376 1791 1799 1797 1698 1903 1754 1726 1648 1743 1650 1649 1662 1709 1606 1785 1865 1939 1534 1439 1205 1967 2194 2402 1150 1326 1447 1337 1611 1519 1550 1695 1685 1888 2040 1938 2054 2164 2333 2183 1907 1907 2127 3054 3239 2900 2963 3169 3325 3186 3357 3163 3065 3227 3140 3162 2849 2643 2543 3011 3468 2823 2783 2877 2840 2884 3165 3164 3387 3319 3286 3213 2573 3109 3284 3133 2640 2513 2460 2633 2472 2531 2408 2811 2809 2531 2821 2963 2843 2856 3410 3524 3714 3556 3453 3571 3359 3307 3511 3605 3787 868 742 541 653 292 447 404 0
